4.9260712
5.5705767
5.6184263
5.3486757
5.313396
5.4072094
5.4646354
5.6638446
5.1076164
5.3047414
5.1936207
5.847755
5.752984
5.8722882
5.4157176
5.2342463
5.2839332
5.6058812
5.5971518
5.446207
5.3782163
5.492506
5.2403502
4.9275646
5.7472501
5.3045311
5.9604177
5.1074753
6.0054417
6.2584414
5.7613773
5.3254046
5.5642633
5.5904016
5.1994743
5.3764677
6.0031123
5.3514714
5.2089872
5.3473077
5.6689305
5.6677642
6.0361423
5.3694286
5.5763378
5.2866392
5.2577434
5.6656446
5.4687929
5.2017779
5.4173121
5.2338963
5.4196467
5.2722979
5.241879
4.5917091
5.0626354
5.1752009
5.4112368
4.9422588
5.511394
5.4702926
5.3627343
5.2000146
5.9404063
5.0764265
5.5252938
5.3515944
5.7453899
6.0894961
4.652288
5.4455137
5.3426881
5.4395065
5.5649629
5.1586132
5.5595536
5.361237
5.3042665
5.4574375
5.1601295
5.1649499
5.0815644
5.2747984
5.4479175
5.0497055
5.2996459
5.0925078
5.7206197
5.0017123
5.4866648
5.4603305
5.7523417
6.0907831
4.874084
5.3054962
5.4589787
5.2105064
5.217185
5.5196772
5.4768896
5.9732056
5.8396783
4.8682179
5.4985857
5.8428788
5.5134811
5.1061335
4.9607835
5.7148914
5.4811721
5.2600365
5.1991119
5.2701836
5.21732
5.5306044
5.3840208
5.3768973
5.3572741
5.4262033
5.3716412
5.5689411
5.0236044
5.7938809
5.1814637
5.4060407
5.3550029
5.744556
5.4984808
5.6329646
5.2539163
5.653882
5.5385861
5.5211
5.3470654
4.9730277
5.2233434
5.2822232
5.0444922
5.9987736
5.5479488
5.2497897
5.3848734
4.7800198
5.1811457
5.2270384
5.5679421
5.4539237
5.3382616
5.3427391
5.5245428
6.1605377
5.3194857
5.4810538
5.9572949
6.8301497
5.4358706
5.636559
5.9958057
5.4035754
5.7977858
5.274879
5.4832978
5.2726088
5.1655416
5.0354209
5.2137876
5.6488199
5.4686613
5.864399
5.428185
4.9817734
5.1713042
5.3819404
5.043438
5.6524916
5.3028679
5.157445
5.2346687
5.2138681
5.3839836
6.1268697
5.4927864
5.3355579
5.3466697
6.0681767
5.4901166
5.2044625
5.4335175
5.0663524
5.471674
5.574017
5.3958569
5.5575557
5.0222154
5.2971368
5.2532759
5.6325674
5.543695
5.261847
5.0110154
5.388267
5.5585389
5.8250613
4.9393706
5.393374
5.4129167
5.4705758
5.3707795
5.2986221
4.9186516
5.5139837
5.6899767
5.3155384
5.5184193
5.5455861
5.353024
5.1319695
5.89294
5.5469217
5.1755533
5.378696
5.4388418
5.2673483
5.3917217
5.4426641
5.4134784
5.2969646
5.354363
5.0436368
5.3242097
5.2869682
5.5458155
5.3159618
5.4574475
5.5948844
5.4325809
5.3502626
6.8171582
5.6653347
5.3520999
5.2625532
5.2621713
5.4327707
5.4715257
5.2271714
5.7655411
5.3651028
5.3798876
5.3543105
5.5834284
5.2641621
5.2074428
5.6122823
5.334897
5.5663147
5.4873624
4.8908463
5.3405495
5.426383
5.1797676
5.2502241
5.7497234
5.6919947
4.8679228
5.7186837
5.1555591
5.2081604
4.9430747
6.0368695
5.2913704
5.081295
5.4343848
5.1524649
5.3174305
5.2778101
5.3954139
6.4020653
5.3341031
5.3189163
6.0448656
5.4085312
5.3012409
5.4940796
7.1946115
5.5432682
5.2519469
5.8250833
5.377233
4.9922247
5.438952
6.0418296
5.7536974
5.3562584
4.929287
5.7701097
5.258275
5.2067423
6.5391059
5.2823892
5.3869381
5.1158462
5.080843
5.4056435
5.1518655
6.3254719
5.2005606
5.2055402
5.4388595
4.9408903
5.8827186
5.6257319
6.9892192
5.3860583
5.2889361
5.3068795
5.2103333
5.1869955
4.9485579
6.6097126
5.0254493
5.3212895
6.0159407
5.3345237
5.2598367
5.727335
5.3898721
5.267035
5.5971284
5.8446503
5.320715
5.6004777
5.2399793
5.4942575
5.7379508
5.6746774
5.2184334
5.7950144
5.2900319
5.5230436
5.5474005
5.5760493
4.7465014
5.1961989
5.3095036
6.1773896
6.2841001
5.5152798
5.2113881
5.7146325
5.2040038
5.6171932
5.7600589
5.4559894
5.1979051
5.4287024
4.8370771
5.771987
5.284441
5.5522771
5.5247016
5.9227972
5.1046662
5.3435168
5.219543
5.4377551
5.8854475
5.6260238
5.8606672
5.2927103
5.1571126
5.3242989
5.3312397
5.6728349
7.2893252
5.2266841
5.0831947
5.4968414
5.214036
5.7995791
5.5403137
4.90839
5.4363432
5.2793493
5.5248313
5.0834632
5.4063845
5.515481
5.4231796
5.5845189
5.404016
5.2405305
5.8871951
5.9668508
5.1091409
5.1581826
4.9645953
5.1889396
4.9787712
5.2440629
5.2922206
5.2823625
5.1502919
5.1935549
5.2003179
4.9604321
6.2852974
5.4531474
5.4000635
5.300776
5.989357
5.5082321
6.6939349
5.4142661
5.7856603
5.310102
5.5070348
5.2864027
5.9219317
5.1938801
5.316092
5.107965
5.3168321
6.543066
6.0355892
5.3049541
5.5050111
6.1639585
5.5357599
5.241559
5.4552011
5.1679139
5.3307042
5.3346114
5.2155328
5.3614144
5.36306
5.3497882
5.624114
5.5561376
5.6162992
5.2011008
5.2354288
5.2875948
5.4241085
5.4450779
5.8409815
5.345571
5.3328261
5.6914253
5.0676632
5.1232376
5.5922747
5.6341991
5.3951182
5.3155565
5.7249765
5.946949
5.3459296
6.2007866
4.8578863
5.4871697
5.0967727
5.200119
5.4048638
5.6346731
5.3862824
6.244751
5.2991333
5.2314615
5.064959
6.1902475
5.4312577
5.51582
5.3545423
5.5746293
5.3530354
5.1129656
6.0551991
6.231761
4.9633541
5.0522289
5.9432988
5.5212669
5.7748799
5.618844
5.2615685
5.8451385
5.7812114
5.330184
5.0221386
5.6375637
5.2933578
5.4799261
5.8398519
5.5051541
5.2123542
5.1092334
5.1604867
6.0468755
4.9620767
5.4875951
4.8581295
5.315299
5.4328432
5.5399404
5.2720675
5.6008244
5.251924
5.5245152
5.3640265
5.0068517
5.2998848
5.0262985
6.04422
5.210856
5.1935215
5.1067319
4.7390285
5.5638385
5.4072084
5.6062331
5.6207242
5.036912
5.5692358
5.933732
5.1330838
5.4473624
5.2164502
5.3236876
5.3615165
5.2629008
5.3986149
5.5933523
5.4002442
4.8826218
5.7083097
5.2745481
5.3162808
5.3115911
5.4076004
5.2487378
5.3740129
4.8734527
5.0071025
5.0879436
4.8631506
5.3217692
5.3408642
5.2276039
5.158731
5.2141566
5.9577017
5.1052799
5.0690246
5.7071218
5.333138
6.1620703
5.1240091
5.5189438
5.1564817
5.9640727
5.2117734
5.133625
5.5414414
5.2342529
5.3286419
5.2381234
6.2658992
5.3567634
5.9275174
5.5329008
5.6906328
5.0119591
5.6198292
5.4254103
5.2111959
5.5303421
5.970942
5.9789739
5.6020932
8.0900421
5.6316285
5.7529998
6.8843055
4.7841339
5.5663037
6.441824
6.465477
5.2717347
6.1427236
5.529017
6.1858268
5.473392
5.5703039
5.567431
5.7107158
5.3723497
5.3757129
5.4058933
5.2298994
5.7515903
6.4052753
5.3757286
5.3427715
5.4879837
5.2430015
5.071734
5.5220528
5.3631816
5.7913833
6.0128884
5.7864828
5.2349195
5.9748082
5.2472572
5.4822931
6.0618653
5.4870181
5.5823174
5.4932351
5.8551693
5.6195874
5.578722
5.1265249
5.3318834
5.2249551
5.5002551
5.2915535
5.63726
5.0832343
5.6421251
5.3764076
5.2908525
5.6226435
5.3104882
5.8402553
5.4220243
5.2573256
5.2035069
5.5635095
5.5415344
5.3605146
5.3836827
5.651763
5.6688857
5.5226173
5.4046941
6.5583959
5.617836
5.3963208
5.7325659
5.09586
5.4250402
5.7548871
5.2490115
6.5430665
5.4561005
5.1765933
5.4489765
5.5326538
5.1965213
5.9393234
5.6555142
5.4435692
5.9736915
5.4194746
5.9655371
5.3027906
6.6166449
5.2290349
5.8507562
5.7726507
5.7401404
5.4153023
5.3568034
5.5668125
5.4279809
5.5731807
5.6368427
5.2652655
5.5254707
5.4049468
5.0740523
5.191236
5.4906602
5.2539768
5.7292752
5.4673858
5.6552739
6.2526674
5.4434943
5.3791494
5.1487083
5.5342703
6.0826087
4.9139056
5.4890113
5.5287256
5.31915
5.2045541
5.2852659
5.2537389
5.2590661
5.3137641
5.3689814
5.1950808
5.3887248
5.5727434
5.6099253
5.3974643
5.7266469
5.0852613
5.0323734
5.4320579
5.5491567
5.7244711
5.5622888
5.5343108
5.6926842
5.6246438
5.088017
5.0697203
5.4755745
5.4461341
6.0666161
5.3481059
5.0875378
5.4171643
5.4213557
5.2502313
5.5210099
5.3466682
5.3180099
5.5956597
5.1949735
5.2078252
5.574976
5.6681933
5.1322432
5.2004633
5.1656556
5.3393316
6.4665804
5.4463153
5.2429538
5.3940511
5.321394
6.1264687
5.2424355
5.4515891
5.2225723
5.1110101
5.0201426
5.3198004
5.7225704
5.5170422
5.7804832
5.6956177
4.9882312
6.1270452
5.7704263
5.3794007
5.68608
5.4262795
5.8720975
5.7287493
5.3005323
5.2866654
5.277626
5.8247199
5.5028906
5.1449428
5.5136085
5.4873576
5.5080643
5.2659502
6.8828211
5.2693181
5.4614701
5.4595728
5.4368019
5.3274584
5.4985814
5.2451863
5.5919518
5.5274816
5.6206546
4.9401212
5.3575931
5.3632798
5.702528
5.4167233
5.7115617
5.6779757
5.1935573
5.370296
5.1653848
5.7125483
5.1589403
5.6055622
5.6220322
5.5802941
5.7520418
6.7676005
5.5617962
5.1547861
5.6819892
5.3124218
5.2015815
5.2494602
5.5028033
5.4267406
5.2290654
5.6772885
5.4252882
5.4767499
5.2052312
5.1290665
5.1843815
5.6520095
5.3365226
5.1614103
6.1423855
5.8862419
6.1351027
5.3486848
4.7603359
5.423563
5.3839116
5.1554403
5.332592
5.2412558
5.5478759
5.3748474
5.6978297
5.8997164
5.7182851
5.414134
5.3882685
5.3155651
5.5381775
5.4104576
5.2829041
6.0086856
5.5917888
5.5230341
5.2857227
5.201467
5.3706145
5.6936417
5.1283307
5.5822158
5.4608808
5.764369
5.1978974
6.0536752
5.4175515
5.9832978
6.6391535
5.1223803
5.6749582
6.0846429
5.48738
5.3121171
5.79075
5.2105455
4.9888792
5.275743
5.2886858
5.6328483
5.4098473
5.469749
5.321641
5.1706028
5.3792014
5.3970327
5.2242136
5.6880741
5.6643763
4.9242115
5.3632917
5.5679116
5.094142
5.4091468
5.3221297
5.051362
5.0224228
5.3058023
4.9771824
5.2426653
5.3994727
5.5730801
5.377667
5.4411726
4.7794933
5.2841005
5.1313992
5.4559846
5.3259039
5.7695389
5.0378189
4.9914627
5.6628222
5.2316728
6.1664982
5.5365467
4.9989643
5.2836628
5.5749922
5.3783946
5.3258967
5.7212205
5.1894674
5.3049068
5.6805539
5.48703
5.0552049
5.7459292
5.740417
5.2906766
5.2177315
5.4162383
5.3950377
4.790596
5.3995347
5.5525784
5.3156753
5.4941959
5.2383747
5.438026
5.437305
5.4050713
5.7246189
5.4684753
5.4798818
5.3375807
5.5428343
5.2405038
5.7470355
5.5851383
5.3745265
5.1542325
5.5378962
5.2767177
5.9129205
5.8014374
5.4623337
5.2969494
5.2284336
5.1083808
5.0476117
5.6811399
5.4601579
5.3316655
5.2649488
6.8010454
5.4686131
5.7310171
5.4635053
5.4410195
4.9785504
5.5693879
5.1814947
5.3103461
5.3812132
5.3247137
5.4149008
5.1709204
5.1768761
5.3212953
5.2381253
5.2838483
5.4494286
5.3602214
5.0032911
4.9902043
5.3160181
5.2694902
5.381897
5.43365
5.3406463
4.9427958
5.3519945
5.1022105
5.0552874
5.6985526
5.3752971
5.4986367
5.4463577
5.5655026
5.4528127
5.5127873
5.032877
5.3350773
4.9798021
5.3876948
5.6445017
5.9601941
5.2532787
5.4557943
5.4386697
5.1086092
5.9989395
5.2685413
5.507947
5.3662367
5.3870592
5.5305767
5.1780663
5.6540141
5.3659372
5.8315067
5.3715134
6.0998287
5.9064302
5.1782155
5.2940421
5.1157894
5.3954401
5.5042996
5.6230125
5.4597268
5.2546277
-3.278836
-4.2887368
-4.3141503
-4.0441484
-3.7946863
-4.1547909
-4.2423539
-4.5134249
-3.725208
-3.764266
-4.2522435
-3.2553201
-3.6497421
-3.7847083
-4.0392499
-3.6913762
-3.6735497
-4.8578796
-4.259243
-3.9448304
-3.8928738
-4.3867922
-4.3778787
-3.3994555
-4.4533997
-3.9048896
-3.7437363
-3.2598159
-5.3003068
-3.993978
-4.5344396
-4.4735475
-4.0959349
-3.9517882
-3.7561326
-3.6416914
-5.5281582
-4.4537168
-4.0826974
-4.2377839
-3.8061242
-4.7970347
-4.3691688
-3.8465116
-3.6300611
-4.1875186
-3.7770603
-4.2561159
-4.1400557
-4.24892
-4.4899788
-3.7560251
-4.4532647
-3.479964
-4.2331748
-2.8505433
-3.5522349
-4.1269584
-4.4795737
-3.7526608
-3.4566641
-4.2703614
-4.0037684
-3.635061
-4.1088047
-3.6045222
-3.865963
-3.7552712
-3.9946573
-3.5670931
-3.3776548
-4.4581313
-3.864567
-3.7565122
-4.833252
-4.2443056
-3.9607697
-4.130631
-3.7014253
-4.2412715
-3.7983449
-3.5255206
-4.0111866
-4.067627
-4.1881046
-3.706826
-3.8157024
-4.5659747
-3.8856575
-3.5036376
-4.401063
-4.4236059
-4.4484501
-4.9472189
-3.5909584
-4.0398912
-3.8534486
-3.9927795
-3.9951861
-3.8522172
-3.8809886
-4.1745605
-3.9752758
-3.1952829
-3.8443813
-4.4513884
-3.9395289
-3.3997629
-3.6242883
-4.2024512
-4.5531039
-3.3984551
-3.6176133
-3.8538463
-4.1999359
-4.7594166
-4.2476659
-3.8734148
-4.2063174
-3.3417068
-3.8054428
-4.135952
-3.5896993
-3.9685035
-3.9327946
-4.0112338
-4.0247884
-4.7392454
-4.0723524
-4.552362
-4.3404269
-4.2581196
-4.1259685
-4.7103052
-3.6663566
-3.86833
-3.1024599
-3.6576691
-4.0492101
-4.8146348
-4.2914538
-3.8960631
-4.5648456
-3.4470444
-3.7686722
-4.4375353
-3.7931299
-4.2585845
-3.9766355
-3.7159331
-4.1007242
-4.0621662
-4.1497211
-4.8483319
-4.2027016
-4.7098589
-4.4428201
-4.3086576
-5.0300589
-4.116271
-4.4019213
-3.4569213
-4.3472829
-3.9815791
-3.564759
-3.3359802
-4.0940232
-4.7221174
-4.0744057
-4.6150088
-3.2286627
-3.7111146
-3.9258919
-4.3827333
-3.5083241
-4.1987143
-3.871949
-3.7035053
-4.0155873
-3.9979296
-4.2121811
-4.0728064
-4.1607981
-3.8584666
-4.2071319
-3.6721418
-4.0485373
-3.9685032
-4.2455506
-3.4142506
-4.5515909
-4.407783
-4.0699348
-3.4439235
-3.7297711
-3.5558562
-4.1327734
-4.6124301
-3.8823171
-3.967236
-3.6371729
-3.7929778
-4.6056151
-4.7598281
-3.6328042
-3.9948161
-4.2845178
-4.1899204
-3.6326749
-4.4108005
-3.4881938
-3.7819312
-4.1902122
-3.823406
-4.2072763
-4.4903097
-4.3725433
-3.3663542
-4.5627985
-4.6998076
-3.9793406
-4.2004242
-3.881588
-3.9809768
-3.936089
-4.0647693
-3.9936025
-3.8686309
-4.3015065
-3.848263
-3.4249613
-3.8716063
-3.9136715
-3.767324
-4.0560937
-4.2919693
-4.4987545
-3.8921323
-4.5198975
-4.116456
-4.7305584
-3.5262833
-4.0209489
-4.3390751
-4.4447145
-3.8031578
-3.8603973
-4.8562689
-4.1787996
-4.2768373
-3.3214798
-4.2201509
-3.5159378
-3.6582499
-3.7987585
-4.606811
-3.9456263
-3.5411601
-4.0312729
-4.4995747
-3.7336264
-3.8487592
-4.5001426
-4.4789782
-3.5885124
-4.4633341
-3.62657
-3.3823628
-3.29
-4.1061144
-4.6765318
-3.6764686
-4.3504066
-3.8981719
-3.755173
-3.8968132
-3.9883189
-4.0022602
-3.9437582
-4.2044525
-4.0587335
-4.5735292
-3.8859839
-4.204267
-3.6258285
-4.3628802
-4.2457652
-3.8197522
-4.177505
-3.6018596
-4.2174668
-4.6284018
-4.6268144
-4.3301625
-3.9048281
-3.7042022
-3.8057711
-4.0021787
-4.6600914
-3.9926202
-3.9493725
-3.7112472
-4.0862942
-4.0542068
-3.5758107
-3.5741951
-4.1566339
-4.2278743
-4.2716727
-3.1823876
-3.9453015
-4.390985
-4.0515804
-4.4479594
-3.7537713
-4.179986
-4.0990505
-4.0519724
-3.6111345
-4.5960712
-3.5022922
-3.8248336
-3.8901989
-4.2032504
-4.053618
-3.8252943
-3.9600308
-3.8947258
-4.8188658
-4.7458367
-4.0159893
-4.3219428
-3.7419395
-3.8547232
-4.531446
-4.3805709
-3.8282678
-3.9812312
-3.9045441
-4.2225709
-4.6936436
-4.2269101
-3.414432
-3.9870842
-4.3355284
-3.896389
-4.2820373
-4.076148
-3.7892673
-5.0766997
-3.9474747
-4.4402204
-3.5364697
-4.3362336
-3.4480705
-3.74891
-2.8166108
-3.9645629
-3.8985415
-3.7790644
-4.3923435
-4.0819116
-3.865978
-4.380569
-4.219398
-4.1476979
-4.1197619
-4.4919724
-4.2786393
-3.5989895
-3.6943665
-4.2520986
-4.0960283
-3.9088686
-4.062263
-3.7244706
-3.8273818
-4.3306231
-3.9055727
-4.0284123
-4.4888453
-3.7503331
-3.9630685
-3.9731414
-3.9913149
-3.8551252
-4.0216012
-4.0132403
-4.5024886
-4.5030594
-4.1555815
-4.2926087
-4.8270869
-4.0943937
-3.3890247
-4.1001053
-4.1012955
-3.9841478
-3.7393925
-3.8255112
-3.2226546
-4.3535385
-3.9112847
-3.960537
-3.734571
-3.4895024
-3.9724045
-3.8356912
-4.0473146
-4.1386132
-3.9642856
-3.8742824
-3.8600323
-3.8602757
-4.7834759
-4.1576943
-4.4827781
-3.8484528
-4.7440462
-3.7924974
-2.9745657
-3.6653905
-4.4037313
-3.3939302
-4.2157807
-3.7203345
-4.3545985
-3.5144074
-4.30161
-3.7916777
-4.2879868
-3.8085556
-3.7677934
-3.8470826
-3.9872398
-4.0365906
-3.5060449
-4.6841478
-4.6035166
-4.1106877
-4.4560957
-3.05739
-4.2302761
-3.7530811
-3.6608641
-3.6680474
-4.597681
-3.8002973
-4.042819
-4.7934451
-3.9023769
-3.4138374
-4.4654016
-4.1133828
-4.0136099
-3.9036217
-4.8231177
-4.5076056
-3.9399657
-4.3328376
-3.2366195
-4.4919457
-3.684659
-3.7941401
-3.7655063
-4.4453068
-4.2410769
-6.0026536
-4.0388579
-3.8768489
-3.4934354
-3.5427077
-3.7860918
-4.0322304
-3.8374641
-3.6413157
-4.2211952
-4.2408886
-5.5340047
-4.8521857
-3.6952362
-3.7705789
-4.3245997
-4.4249816
-4.4260693
-2.5427034
-3.9659355
-4.0069251
-4.4053521
-3.9652891
-3.5597804
-4.5478854
-3.8542938
-4.2418995
-4.4533043
-4.1327829
-3.763536
-3.8108315
-4.179709
-4.0683298
-3.6562433
-4.4566312
-3.4155352
-4.0356236
-3.3611975
-4.2204251
-4.1642432
-4.3945341
-4.1749749
-4.1148176
-3.955457
-3.9954004
-4.2782974
-3.6086192
-4.1421914
-3.8739343
-3.5286164
-3.8890173
-3.8992014
-4.5653954
-4.3272424
-4.3758287
-4.6059022
-3.5540237
-4.4340978
-3.8867521
-3.6435225
-4.1698198
-4.2786441
-3.7797718
-4.3546576
-4.2124228
-3.4251049
-3.8387001
-3.5804095
-3.4054677
-4.1361375
-4.0484171
-3.5728204
-4.050559
-4.1438336
-3.8230348
-4.1937513
-3.4853261
-3.2738004
-3.7417181
-3.5820239
-4.1185927
-3.9659491
-3.8472514
-3.8648086
-3.6095376
-3.7735009
-3.1470721
-3.7316248
-3.4926968
-4.0735064
-4.6969419
-3.931385
-4.3104391
-4.0864863
-4.3528376
-3.9631824
-3.5691054
-4.0917716
-3.6962044
-3.8512988
-4.1989946
-4.5799952
-4.2136645
-4.5807548
-4.2202401
-4.7292538
-3.919498
-4.5796456
-4.2341089
-3.6952133
-4.3442297
-4.4573121
-4.8081565
-4.3606582
-4.0674858
-3.9368508
-3.7107811
-4.9688015
-3.3728161
-4.0715551
-4.0214019
-3.9700408
-3.9712977
-4.2988377
-3.9021139
-4.8695903
-3.7893696
-4.4684362
-3.9177678
-4.4423552
-4.2402844
-4.2870278
-4.0049458
-3.9608366
-4.6039038
-4.4210701
-3.8804469
-4.3520131
-4.3144054
-3.9073412
-3.422184
-3.8393006
-3.8942282
-4.6600218
-3.8777778
-4.6102457
-4.3665423
-3.9101999
-3.9002194
-4.4289904
-5.0291228
-4.349833
-4.6532373
-4.1023846
-4.5439882
-4.6016378
-4.1926527
-3.6158161
-3.7341304
-3.837013
-4.3526344
-3.8337955
-3.8866396
-3.3271463
-4.6181808
-4.10428
-3.6676605
-4.3006663
-3.6566052
-4.0789557
-4.3733683
-4.320034
-4.1904354
-4.2129321
-3.4083612
-4.2675767
-3.7722824
-4.4097509
-4.4235735
-4.3334885
-3.8728113
-4.5598044
-3.9704847
-4.5777531
-3.6147299
-3.7292559
-4.3212314
-4.5611701
-3.5447161
-3.9107881
-4.0045652
-4.0010529
-4.2623792
-4.1588531
-3.9134774
-4.8635802
-4.3791919
-4.3108211
-4.8189011
-3.9690969
-3.8111
-3.3171742
-3.8296587
-4.1525755
-3.5955517
-3.8995514
-3.7691274
-4.197238
-4.4654169
-5.0471263
-4.3518839
-4.349062
-4.3376474
-4.1534595
-4.4809561
-4.5343337
-3.920711
-3.4882684
-4.2405734
-4.0864525
-4.3400755
-3.8223178
-4.6229801
-5.0963745
-3.6409397
-4.0598178
-4.061152
-4.5576892
-4.6519089
-4.0768948
-3.3872921
-4.0313911
-3.9469147
-3.7765779
-4.0036802
-3.2897565
-4.0241122
-3.7424726
-4.2666597
-3.919857
-3.4138744
-4.4656529
-4.4894261
-4.3624344
-4.1848726
-3.4982195
-3.2466147
-4.1379786
-4.476963
-4.3274794
-4.5566459
-4.5095272
-4.1323948
-4.5682545
-4.0585375
-3.6014016
-4.1636877
-4.0933595
-4.3777738
-4.0667577
-3.5020542
-3.8832338
-4.2439332
-3.6367035
-4.3006487
-3.8879499
-3.7788363
-4.4877896
-3.8563225
-3.8852928
-4.1059022
-3.7317557
-3.7420778
-4.0268788
-3.3910789
-4.3403649
-4.7691565
-4.0737939
-4.1637092
-3.935631
-4.0243278
-3.8188479
-3.7645144
-4.2892952
-3.8548443
-3.5828412
-3.519068
-4.1049562
-4.7600727
-2.9816885
-4.0512223
-4.7873044
-4.096539
-4.34237
-3.9775059
-4.1653728
-4.2758493
-4.2497468
-3.6362727
-3.7190938
-3.3783264
-3.8140128
-3.9106507
-4.303206
-4.4783058
-3.8779566
-4.4297709
-4.2044468
-4.1516905
-3.9645038
-2.8112671
-4.1784301
-4.0170808
-4.0772357
-4.3421984
-4.2526417
-4.3955026
-4.0772233
-4.87184
-3.9579837
-4.0117431
-3.5699975
-4.2918334
-3.4149454
-3.4484468
-4.1071682
-4.7007432
-4.877727
-4.3322611
-3.8953629
-3.7206542
-4.5931354
-4.1186042
-4.2345686
-3.6131096
-3.8460515
-4.5718145
-3.5945432
-2.75492
-4.3285079
-4.0307813
-4.184411
-2.3544703
-4.1326084
-4.5753155
-4.3229012
-4.0441608
-4.9752264
-4.2192864
-3.5290122
-4.0461612
-4.0601974
-3.798095
-4.3166118
-3.7022829
-4.0026994
-3.3650246
-4.692533
-4.9253387
-3.9252439
-3.245476
-3.6520305
-4.7524266
-3.7545495
-3.9157953
-4.3681808
-3.9097748
-4.1105552
-3.9441917
-3.9674904
-4.3015199
-3.5787053
-3.9204481
-3.4725063
-4.6039076
-4.0676165
-3.9185417
-4.493361
-4.7066212
-4.3374863
-4.1288505
-3.8769696
-3.9784193
-4.4161348
-3.8822365
-4.4814219
-4.4871597
-3.974241
-4.2146072
-3.9021699
-4.2765064
-4.7247939
-6.8016486
-3.9643726
-4.2769828
-4.1761184
-4.2098231
-3.5783947
-3.3920581
-3.8168228
-3.7064033
-4.040318
-4.1719418
-3.8847198
-4.4140835
-4.088141
-4.3341341
-3.6323135
-3.8583419
-4.253643
-3.7638309
-4.4096694
-4.530786
-3.4503062
-3.7612138
-4.275125
-4.2872028
-4.3089156
-4.3343024
-3.4505479
-3.4653387
-3.8287539
-3.9405725
-3.7277112
-4.03616
-4.3092237
-3.700202
-4.5460782
-2.9880748
-4.1734962
-3.831408
-4.1592889
-4.1405716
-4.0210433
-3.3437951
-3.7111378
-4.0642247
-3.8887324
-3.9470301
-4.1469073
-4.1043563
-4.0190597
-4.1971207
-3.9914846
-4.3062229
-4.1877151
-3.8115058
-4.2557502
-3.6389506
-4.2367702
-3.8398077
-4.3955908
-3.5283384
-3.5314879
-3.6147249
-4.5138626
-3.8892429
-2.8392467
-3.6790774
-4.2608509
-3.8079956
-4.4622989
-3.0538514
-2.8281994
-4.4571648
-4.1662922
-4.0531826
-4.0592375
-4.3965349
-3.7910223
-3.8901882
-4.2933574
-4.5189271
-4.1356454
-3.9872608
-3.8288977
-4.1422729
-3.9877145
-3.8833044
-4.0383077
-4.1677456
-4.1258574
-4.0027838
-3.8747725
-3.7989745
-4.5879865
-4.228291
-3.9188025
-4.2669754
-4.0961537
-4.2850413
-4.5275307
-4.2947402
-4.2310219
-3.1990318
-4.8127251
-3.9540155
-3.8392346
-4.0264697
-3.8043971
-3.7620134
-3.1607106
-4.01088
-3.9330828
-4.2117839
-4.1507945
-4.728518
-3.7630165
-3.5790489
-3.8115256
-4.1689782
-3.8647387
-4.3540897
-4.0880852
-4.1596093
-3.5133729
-3.7935467
-3.8542759
-3.8953254
-4.8136053
-3.7712753
-4.4573231
-5.908143
-3.9512086
-4.4807611
-4.3960867
-3.8529909
-4.2022514
-3.5544958
-4.4811306
-4.7120805
-3.6803677
-3.9619942
-4.277812
-4.1028643
-3.8752186
-3.9802644
-4.1065192
-4.3312311
-4.4590955
-3.8882024
-3.9622965
-3.7917993
-4.0342979
-3.4009826
-4.6715732
-4.2868042
-4.0340791
-4.8912683
-4.3854628
-3.9214721
-4.0233831
-4.1769786
-4.0565543
-4.192915
-3.9656882
-4.0045376
-0.49235672
-0.53550345
-0.88461524
0.14648388
-2.4909341
0.82773703
-2.2166386
-1.4638923
0.19903834
-1.561102
-1.0557263
0.02693565
-0.80002743
-0.49353755
-1.403278
0.42012802
-0.030058991
-0.28959605
-0.71900803
-2.2628472
-1.04951
0.059338216
-0.02803147
-1.7296571
-1.9510356
0.77969658
0.39758906
1.7697911
-0.87044495
-1.5083704
-1.0972822
-0.42334357
-1.6013503
-1.0051267
-1.3523109
-2.1735296
-0.27207735
0.087615341
0.15284339
-1.167506
0.76837683
-1.5041314
-1.9978824
-0.34389603
-1.2091061
-0.91301417
-0.82150632
-1.142601
-1.2232808
1.0200213
-0.23349951
-0.84645849
-2.2294259
-0.3635945
-1.1584992
0.24516997
-0.50641382
-2.0176494
-0.76689458
-1.9305019
0.28310704
-0.55786264
-1.5088781
0.4245663
-1.2948784
-0.026004031
-0.76142991
-0.40054446
-1.3897116
-0.49147233
0.052864689
0.21778999
-0.69470561
-1.7091647
-0.7617681
-0.30165991
-0.52057123
-1.7554857
0.025853068
-2.5385654
1.4578631
-0.29776886
1.1698709
-1.3473647
-0.25421333
-0.87215614
-2.2074485
-0.076394282
0.39031562
1.2983681
-2.6467435
-1.4167122
-0.25000039
-0.84911501
0.63818163
-1.3971952
-3.242352
-0.50681996
-2.2826819
-0.54010642
-0.5854882
-0.89093101
-2.1834178
-1.0751544
-1.5169927
-1.7083403
0.25414872
-1.1202338
-0.14755401
-1.1548581
-1.962974
-0.40590343
0.79006529
-0.14372298
0.21758145
-0.9424215
0.046718199
-0.28884277
-0.91237086
-1.1967452
0.94870335
0.18043347
-0.20808154
-1.4938697
-2.0862002
-0.13668837
-2.279942
-1.5603325
-0.77959186
-0.95874238
-0.21360572
-2.1021616
0.20783018
-0.40693393
-0.034686401
-0.42335764
-0.71163934
0.6693458
-2.5241377
-1.4363716
-0.44970858
0.88557166
0.98718977
-0.54014164
-1.0752943
-1.0467278
-1.5903753
0.48249349
-0.53076339
-0.10095561
-0.5886957
-1.2925593
-1.1538618
0.98428255
-0.33741462
-1.2428672
-0.97804415
-1.4348181
-0.57238781
-0.95715916
-1.1703914
-1.7526371
0.32240775
-1.3321779
-2.5306218
-1.5396301
-0.87578654
-1.8664427
-1.6062504
0.22220081
0.8969025
0.3550528
-0.62109399
-0.6885047
-2.0045719
-2.1120682
-1.3569578
-0.13757904
-1.2436965
-0.4237358
0.34899649
-0.84512478
-0.19068931
0.96195722
-1.5219406
0.58259392
-0.86515605
-0.026433965
0.015820574
0.35167372
-0.88301045
-0.39128885
-0.79558146
-0.56306612
1.2085761
-0.61001986
-0.51105434
-0.00033581289
-1.0594629
-0.56532568
-2.1278267
0.73612154
-1.0875106
-0.19226141
-0.49890482
-1.0573095
-2.2625768
-0.93844843
-1.0069964
-1.2006493
0.16287968
-0.4949103
0.11272668
-1.6533753
-1.1670735
-0.085368879
-1.2926401
0.20130494
-2.2937741
-1.8331956
-2.9481592
-1.4077224
-1.9804432
-0.94953781
-0.83827448
-1.7832664
-1.6635605
-0.36360732
0.57194829
-1.9850624
0.54153579
-2.2432609
-0.70457327
-0.84538114
-1.3502308
0.086689308
-0.60304695
-0.41363665
-0.7198894
-0.067855321
-0.16414315
-0.95924044
-0.85948014
-1.0821495
-0.94918263
-0.44734547
-0.5338186
-0.77932936
-1.7415779
-0.98624772
-0.70167309
-1.9559666
-1.8920817
-0.11984058
-1.4156277
-1.4191476
-1.1496456
-0.11298744
-0.20031525
-0.71438587
1.4829007
-0.80708015
-1.1024599
-2.4831457
-1.2607648
-1.4313848
1.080919
-1.646664
-2.0494194
-1.6523519
-0.97187144
-0.27984115
-1.2950252
-0.58710051
-1.4597899
-0.62501413
-0.73752236
0.59056801
-2.6053987
0.19810268
-0.65848142
-2.7059193
0.38696745
-1.7470883
-0.7676968
-0.43647572
0.45825607
0.070824914
-0.44495404
0.44913954
-0.34008271
-1.4082773
-1.8181326
0.34936705
-1.4055266
0.31281033
-1.5948784
-0.67923903
-1.8791645
0.78206509
-0.019726209
-0.77327013
-0.0052012466
0.37317601
-1.4458672
-0.45422423
-2.342952
0.90160239
-0.87682551
-0.42227277
-0.66959411
-1.2945689
-1.1185777
-1.2771229
-0.17354877
-0.76975197
-3.3016069
0.38841695
-0.39032277
-1.7443085
-0.55032855
-0.83354563
-1.2419451
-0.90077215
-0.98330635
-1.0352602
-2.2353668
0.4643752
0.40581277
-1.2671614
-0.055641372
0.20668516
-0.72527254
-1.4000535
-1.8516686
-0.01140123
-0.20593821
-3.311873
-1.5707618
-1.4448758
-0.98832095
-1.2439164
-0.93936163
-0.53911829
-2.5908298
-0.87076086
-0.60057306
-0.96587527
-2.3518105
-0.2325813
-1.4940594
0.034890335
0.15818815
-3.1267216
-1.1478779
0.26647127
-1.8650761
-1.0170488
-0.61126018
-1.5295141
-0.42038423
-3.1532421
0.5142684
0.39355096
0.88080299
-1.9196151
-1.2604347
-1.7483479
-0.49013633
-0.68596518
-2.2306933
-0.3128503
-1.1277746
-0.25237814
-0.90142006
-2.1693428
0.087216862
-1.0446898
0.81092238
-0.61692226
-0.24362162
-0.42909041
-0.74011445
-0.64888263
-0.8909269
-0.5812192
-0.50507849
-0.67658114
0.59464151
-1.8823166
-1.2568463
-1.5259826
-3.424705
-0.5354284
0.19977708
-0.74843454
-0.75044465
-1.1827117
-1.9747285
-1.7542654
0.219429
-0.65738797
-0.15798487
-0.6177938
-0.73747367
-1.3887174
-1.0138248
-0.98786676
-0.38345695
-1.2502536
-0.83397245
-1.6278023
-2.1047351
0.11319456
-1.1574678
-0.57862455
-0.60683256
-1.2231306
-0.77092159
-1.1306397
0.049658995
0.63599759
-1.0256768
-1.6198976
0.16346598
0.49358812
-1.4171042
-0.23278713
-1.6995454
-1.5622559
0.15580668
0.16619799
-0.87761885
-0.084217057
-0.36613542
-1.5156573
-1.9207425
0.9323644
0.59011912
-0.92630541
-1.0921853
-0.16680643
-2.4506383
-0.35845914
-0.90982682
-1.4339324
-0.26407704
-0.33304638
-0.18281657
-1.3087896
-0.85905921
1.2877995
-2.5133722
-0.54231298
-0.13095267
0.22977483
0.22508468
-1.286873
1.0942065
-2.3128872
-0.96812427
-0.05251994
0.2304799
0.33231705
1.7891157
-0.98983353
-1.7725703
-0.85039067
-0.75954688
-0.54208243
-1.2430168
-0.30388802
-0.16104758
0.85011858
-1.0243413
-0.36238572
-0.64704114
-0.74861252
-2.3391399
-0.56432146
-0.76467997
0.33619475
0.37802765
-0.9180941
-1.1259807
0.72460407
-1.7840532
1.3823518
-0.5411092
1.1439197
-1.193108
-1.5690961
-1.8971169
-0.12027243
-0.93037385
-0.77571213
0.42706814
0.57207972
-0.52048117
-2.5319543
-0.70496297
-0.54575592
-0.32082939
-1.9375372
-0.78694361
-1.5033381
-1.1914576
-0.34378505
-1.5879707
-0.2221729
-0.43382096
-0.86462307
-0.15035284
-1.5163467
-3.4809885
0.24832523
-1.3776398
-0.47974694
-0.78145826
-1.2630215
0.19267619
-1.3238927
-0.088799618
0.09645661
-0.36596552
-0.47331524
-0.20093504
-1.7352391
-1.2035918
-2.8968611
-0.82779521
-0.13427055
-2.2900023
-0.58987242
-0.3890785
-0.3680371
0.97078121
-0.19559401
-1.7273077
-1.1740896
-0.2815837
0.70003021
0.073437504
0.35362735
0.63092566
0.11794322
-0.17812498
-0.86603546
-0.56836122
0.11590434
-1.376169
-1.2169515
-1.3855807
-1.5772839
-1.2878551
0.13661315
1.2814878
0.10494757
-1.2132003
-0.31125662
-0.90898478
-1.8668754
-0.44478536
0.070560269
-1.4348798
0.0308569
-2.0166876
-1.7739327
-1.2642586
-0.31243321
0.3223421
-0.84318006
-0.50161546
-0.63907719
-2.4709606
-0.97150362
-1.4865372
-1.1334561
-0.61062169
-1.7802488
-0.90047622
0.97982371
-0.78484011
-0.51804537
-0.53157336
1.1530753
0.079640523
-2.6480744
-0.61141211
-2.4263899
-2.5323915
-1.6990417
-0.94378722
-0.33919668
-0.77849966
-1.7179331
-1.2675827
-1.4920717
-0.31723925
-1.1020341
-0.29484218
0.60562301
-0.27939409
-1.9182445
-0.8363142
-1.3971288
-0.79095054
-1.1075331
-0.98420936
-0.95183259
-0.52854776
-0.49617901
-0.58974725
-2.0436301
-0.80727929
-0.0032499686
0.072762497
1.1317925
0.31734443
1.0286443
-2.0437412
-0.0056861369
-1.6664726
-0.16678782
-0.22472423
-1.3040265
-1.3499713
-3.168124
-0.77825499
0.54899418
-0.84917331
-0.98701632
-0.41015747
-1.3819059
-0.17829616
-1.603784
-0.92630661
0.16790876
-1.4309289
-0.36615676
-0.15510039
-1.7226611
-0.99273038
-0.30334926
-0.77071142
-1.3450563
-0.47255474
1.2088859
-1.3368944
-1.0954481
-0.34739453
-0.86716586
-0.79290384
-2.1428313
-1.1447617
-1.226751
-0.48631945
-0.035945695
-1.1380585
-1.1919372
-0.81254947
0.53101611
-0.79613155
-0.94461346
-0.99743313
-0.81554866
-2.2979169
0.093466349
0.94986582
1.1763017
-0.37104598
-1.8830497
-0.7389794
-0.74197477
-0.25765917
-1.3887106
0.64304036
-0.24108675
-2.2113926
-0.60076588
-1.0677509
-0.58182341
-0.094773255
-0.70820785
-1.332817
-1.572631
-0.15677968
-1.7935303
0.47918242
-0.030462369
-3.3677177
-0.42075834
-0.69160032
-0.27570248
-1.3241184
-1.045874
0.38359937
-1.1153926
-2.4431667
-0.71003902
-0.085079387
-1.1161549
-1.4452617
-0.59795409
-0.93298602
-0.18850596
-0.040936682
0.10123907
-1.3004535
-2.5606403
0.32515898
-1.5079371
-0.2721175
0.61099827
-2.2793946
-1.8982019
-0.23314412
-2.2326846
-3.2413251
-1.9061974
0.059623882
-0.10434724
-1.230354
-0.19600609
-2.3020837
-0.051065512
-0.91951644
-1.5686758
-1.0082943
0.56669605
0.17247869
-0.95950907
-0.6305877
-1.049039
-0.037266817
-1.2806259
-0.15965545
-0.82566428
0.4530918
-2.7638156
0.0086367624
0.53639615
-0.75884491
-2.1113846
0.90463948
-1.0627422
0.46710494
-0.94788706
-1.3194593
-1.3502824
-1.0068645
-0.088853702
0.63549012
0.76121712
-0.59317487
-0.69303036
-1.4735734
-3.493928
-0.51296693
-1.4560068
-3.3164694
-1.5614555
-0.77783459
-1.6785591
-1.848206
-1.0403932
-1.3955024
-2.2770433
-0.90409589
0.016729662
-0.75322527
0.58986712
-0.20027432
-1.699639
-0.48975953
-0.86706674
0.097470529
0.35592741
-1.4709668
-1.5288759
-0.4772757
-0.87023646
-0.83472103
-0.74259996
-1.149511
-1.5297546
-0.78528804
-2.6574986
1.7664899
-0.5553627
-1.674409
-0.49115843
-1.4461625
-1.017471
-1.8956292
-1.8294272
-1.5234625
0.45510504
-0.69159591
-1.1504283
-1.1900706
-0.44072294
0.1186022
0.35099408
-0.79158622
-0.68491453
0.69575948
-1.7521355
-0.59656644
-0.5918324
0.54526061
0.36582929
-2.5499902
-0.066091716
0.35962099
-0.031617451
0.25116137
-1.3336977
-2.1605644
-2.4395616
-0.9432596
-1.6117984
-1.92138
0.62504309
-1.4367541
0.73025846
-1.0419228
-0.46534005
0.2584129
-2.6852005
-1.5569701
0.22500341
-2.389699
-0.34652436
0.31684622
-0.36285847
-2.0448306
-0.633012
-0.88538367
-0.9491117
-1.9769586
-0.12664887
-2.1274681
-1.9345816
-1.7727847
-0.75557661
-1.9397757
-2.4146903
-0.20854895
-0.29327369
-0.54692274
0.28048033
-0.21011227
-0.27346605
-0.6908083
-0.19716263
-1.7249134
-0.5973798
-1.8545406
0.31578124
-0.75502342
-0.38601539
-1.3951291
-1.4727956
-0.072542794
-1.706277
-2.4400313
-0.30269787
1.1058867
-1.0286466
-1.3180856
-1.8278168
-0.30638158
-1.5110996
-0.56592512
-0.83122182
0.032890372
-0.056889385
-2.5878246
-1.5373598
-1.211128
0.58063412
-1.9180554
-0.82484651
-0.29528356
-1.3389362
1.1002882
-0.60581952
-0.38076994
-0.66528451
-0.04816822
-0.94168776
-1.4671522
-1.6957804
-0.55229932
-0.46810681
0.063459791
0.25942388
-2.333751
-1.8277123
-1.6865009
0.74045473
0.72952986
-2.7386255
-1.3473727
0.84747165
0.68491632
-0.19453394
0.1671081
-1.067953
-2.0662413
-0.55629891
-1.7727815
-0.41979703
-1.5430249
0.66203201
-0.1701802
-0.35326684
-0.39025456
-0.12254448
-1.6121892
0.6341849
-1.2299812
0.90965056
0.87465668
-1.1270968
-3.7990611
-1.1100185
-1.6804204
-0.69911516
-0.25886971
0.059005093
-0.80585003
-1.0327241
-1.5811387
-1.4409996
-1.8444648
-1.311838
1.3471732
0.17493722
-0.80091828
-0.71112025
0.87663037
0.83167285
-0.80296946
0.11521196
0.86998355
0.40431845
-1.318668
-1.5123138
0.3853904
-0.71455532
0.031757127
-0.33242178
-0.84457755
-1.4246612
-0.48443004
-0.7986117
-2.1632698
-1.7292237
-3.4871695
-0.35875562
0.23106459
-0.12688705
-1.1693643
1.392359
-1.8101444
-1.8629298
-0.75555283
-1.2447307
-1.6737089
-1.8423526
-0.69184667
-0.51997387
-0.9093374
-2.6151204
1.2254025
-2.1614773
1.0380536
-0.37835991
-2.1029353
-1.7325594
-0.74667996
-0.28447735
-1.5423194
-0.59919214
0.74167866
-0.18269889
-1.7034407
-0.02657876
0.3667331
-0.71512628
-1.939387
-1.4038826
0.31975305
-0.67145997
-0.52892584
-0.65286702
-1.7994099
0.62333268
-0.64530528
-1.4863436
0.49251148
0.68162191
-0.6838873
-1.0488378
0.86573297
-0.96459281
-1.8319629
0.73659545
-1.28614
-1.5013636
-0.13978648
-0.41075498
0.29384694
-0.79060197
-0.75181466
-0.27893272
0.39246744
-1.9056129
0.30627421
-0.40274581
0.36219946
-1.420429
0.59966731
0.59375155
0.672014
0.59966606
0.62419111
0.60656136
0.6227107
0.58978909
0.54733384
0.64190054
0.57645375
0.96072286
0.83562768
0.80219805
0.59987926
0.63711619
0.63018668
0.57238489
0.64853436
0.65174079
0.68424773
0.59634191
0.56846029
0.66745108
0.60365248
0.56031644
0.81743646
0.64113528
0.73897088
0.83442098
0.69526505
0.57278508
0.63809186
0.66562229
0.59997654
0.65455413
0.62766373
0.60353494
0.6011948
0.56058323
0.80552918
0.56959152
0.64181572
0.64341325
0.74095851
0.54271859
0.59892607
0.65304112
0.61123806
0.53843755
0.59045297
0.5903793
0.57814777
0.80014873
0.59654975
0.60954863
0.64627004
0.59613276
0.6088177
0.58361208
0.83002442
0.58974236
0.63301164
0.61519384
0.77567577
0.61644715
0.68119025
0.61654627
0.6505459
0.8830688
0.61811477
0.61043698
0.57246017
0.70299214
0.55052334
0.53337407
0.65733457
0.5834291
0.66512376
0.67646939
0.59908211
0.6855318
0.58030373
0.55920202
0.61026847
0.58603019
0.60567993
0.49049497
0.78917837
0.58021384
0.57975101
0.5847289
0.6476354
0.71231347
0.56936657
0.58444184
0.64996254
0.5680452
0.61091506
0.72437596
0.73420495
0.78721505
0.72854185
0.59272885
0.69499362
0.65038574
0.62223947
0.71735984
0.55255204
0.62616938
0.53754079
0.63860321
0.6311124
0.6275385
0.59387082
0.57886255
0.59890735
0.60351318
0.59006512
0.76035595
0.63173383
0.74003214
0.66432965
0.67858475
0.59120226
0.63306767
0.59899503
0.73054874
0.67063522
0.61383486
0.61772144
0.636195
0.62264025
0.55789232
0.66294229
0.49179083
0.8337059
0.62630391
0.55598193
0.70750314
0.58462697
0.6117475
0.521047
0.57526588
0.65666598
0.4878149
0.62129027
0.56978965
0.637402
0.63089544
0.65188909
0.74919456
0.55549151
0.55361158
0.73960769
0.91608119
0.52646554
0.63264942
0.70909673
0.64314669
0.62720531
0.70658386
0.66851044
0.58219028
0.70821792
0.65272212
0.60479194
0.59791362
0.58634603
0.64928591
0.77930701
0.60956645
0.62540376
0.60356688
0.5939734
0.73402113
0.67566681
0.66158158
0.57494628
0.6156714
0.62275165
0.73663259
0.64083511
0.61640179
0.61336768
0.81439382
0.60904235
0.59645122
0.56636721
0.6210165
0.57454842
0.66406369
0.66682827
0.65768617
0.59676701
0.69427878
0.58062178
0.5909335
0.65495998
0.61125344
0.67306226
0.63208669
0.5708788
0.67360753
0.59609473
0.60138541
0.60409576
0.6108886
0.74858654
0.61014366
0.61198336
0.68349123
0.66161549
0.62353569
0.5473333
0.68377042
0.5650934
0.67759609
0.65157539
0.60819805
0.59294987
0.62896442
0.6617195
0.60474771
0.61805117
0.59679902
0.64215899
0.73432243
0.55566537
0.55133367
0.75555921
0.57315558
0.72786754
0.66719967
0.6550113
0.68202138
0.57910919
0.58734751
1.0562265
0.72509497
0.55505145
0.71882004
0.58783346
0.56785619
0.62409347
0.63218349
0.74418342
0.55974013
0.58707851
0.57601726
0.79085666
0.62763578
0.6183852
0.69986951
0.63172394
0.57749254
0.6614275
0.57242286
0.66195184
0.61118126
0.59811038
0.62549198
0.76645356
0.65998441
0.56137103
0.65009695
0.61230254
0.65022421
0.63774401
0.79923308
0.5565809
0.61193037
0.61648136
0.59826106
0.68091393
0.61309826
0.64149994
0.78469968
0.61672992
0.58260006
0.76359773
0.61970073
0.59957576
0.63234824
1.3322083
0.56612295
0.57319486
0.7688272
0.66041523
0.61565286
0.66140461
0.73089087
0.60981327
0.59655243
0.56962413
0.87182772
0.65071696
0.60567528
0.7677784
0.61176157
0.67755312
0.6223188
0.56396365
0.62367678
0.61464912
0.90559024
0.58526707
0.59818995
0.58651316
0.5901379
0.78813952
0.60494328
0.88767242
0.62111974
0.5961411
0.61696315
0.66406423
0.58414185
0.61651295
0.87824965
0.60214096
0.60822946
0.74348027
0.58272725
0.5867334
0.68673849
0.65536958
0.66651237
0.58306533
0.63550925
0.60312015
0.58572167
0.62691647
0.68368173
0.63353229
0.67500913
0.61105937
0.72988397
0.62738639
0.63608062
0.56300139
0.59269738
0.56067145
0.56891656
0.55849397
0.83993936
0.67137635
0.70563549
0.62783748
0.55374777
0.65967429
0.61110729
0.83240789
0.59098351
0.67278659
0.69016075
0.68566674
0.67568302
0.58289284
0.76621574
0.59237671
0.76009351
0.53448683
0.57023054
0.54827738
0.61890185
0.68544048
0.57788843
0.74402732
0.6186983
0.64389426
0.56509614
0.62231857
0.6730051
1.2601573
0.55632418
0.61395818
0.64491624
0.65247971
0.71785051
0.68107975
0.54165268
0.65178233
0.63566303
0.69870508
0.63250881
0.61330628
0.60430139
0.62639439
0.58433586
0.60575747
0.56878281
0.71013111
0.93610477
0.62375212
0.55000699
0.50225359
0.61209089
0.49698189
0.60994703
0.77958697
0.54154932
0.63043123
0.61432832
0.63498503
0.5672276
0.81344628
0.65933174
0.64676577
0.58749241
0.82445133
0.68663937
0.93343115
0.68323582
0.59869844
0.57397026
0.57240093
0.61199903
0.6508258
0.66613179
0.71408081
0.6063109
0.5863018
1.1042603
0.66505456
0.64214545
0.57007593
1.002589
0.59793472
0.58496225
0.60975611
0.65750605
0.6559093
0.67228001
0.59561139
0.60555887
0.69255251
0.52676159
0.61362463
0.58434057
0.66142917
0.67746252
0.58238924
0.68345082
0.71511
0.75461787
0.68638939
0.64107025
0.60927367
0.58073676
0.52279866
0.73510158
0.5787124
0.73692346
0.56545442
0.65873408
0.58676177
0.72555804
0.67196113
0.66101813
0.53924853
0.60298181
0.62738073
0.56966251
0.68405873
0.65788442
0.58512008
0.63312608
0.58120018
0.59641647
0.59724081
0.95957547
0.65292192
0.67571652
0.66760242
0.76690847
0.65394813
0.61790133
0.69886041
0.79930663
0.59395313
0.55673832
0.69334388
0.60754234
0.62031621
1.9183846
0.6331104
0.75027698
0.75241339
0.65480936
0.62557554
0.54055339
0.64279491
0.71361011
0.65540898
0.6583336
0.66354758
0.58328074
0.52043802
0.74977493
0.57520974
0.71147335
0.58235109
0.54888886
0.73485154
0.6515888
0.60798967
0.62437814
0.63790292
0.68846065
0.62277544
0.610223
0.5884428
0.62661606
0.76459676
0.571558
0.66897684
0.57613176
0.53237033
0.56784016
0.58657992
0.65530813
0.5885396
0.57925355
0.60700536
0.80643958
0.64036846
0.5963499
0.54120243
0.64589977
0.60654408
0.55724549
0.66957945
0.65316314
0.76908511
0.61300975
0.63038105
0.60745031
0.72151816
0.59940147
0.61814988
0.66084337
0.62730294
0.62392682
0.66160274
0.61135262
0.57619697
0.56602305
0.55714792
0.74176347
0.58908856
0.64254969
0.78147233
0.63518137
0.61211944
0.87074137
0.62166661
0.75840056
0.54760855
0.59675843
0.56901073
0.77457315
0.62625813
0.66848254
0.68593615
0.65918136
0.60282391
0.59927058
0.75493586
0.60125542
0.62141687
0.62919629
0.60386282
0.56805849
0.59157628
0.6552816
0.65440124
0.58626217
0.76532346
0.65348202
0.59053832
1.3278674
0.83480126
0.75354457
0.91059488
0.60388064
0.66022581
0.88592404
0.82323754
0.60742474
0.62407786
0.63448352
0.74000043
0.64474559
0.62595147
0.64711303
0.59747988
0.6235956
0.61807418
0.63934493
0.63554859
0.59344399
0.78691846
0.65809697
0.62161696
0.61772668
0.60291642
0.60881174
0.75205612
0.6703701
0.68396133
0.74331653
0.61384898
0.56110388
0.78266484
0.60383582
0.56571233
0.49709204
0.66078997
0.60647178
0.70190489
0.69879323
0.68036211
0.71656734
0.62861079
0.65998751
0.60902494
0.68871307
0.59106493
0.6251179
0.66790205
0.60615319
0.60350686
0.66789478
0.60959059
0.65381944
0.70938843
0.60006177
0.54102445
0.54412925
0.628124
0.73221344
0.57541507
0.75437051
0.60158348
0.63127691
0.62039423
0.63001758
0.93128914
0.70867842
0.5605849
0.8500784
0.56039137
0.5658747
0.69821966
0.63289523
0.89276314
0.67628711
0.60114741
0.57463408
0.58466715
0.61357725
0.67133886
0.66919273
0.59724188
0.66701424
0.66425025
0.76556414
0.77397001
0.93722099
0.55059218
0.68883091
0.72375244
0.76032823
0.56143242
0.56735975
0.5620935
0.57274425
0.65426558
0.68313771
0.59983331
0.57221365
0.58958703
0.59943992
0.71685421
0.65711623
0.6202594
0.62936264
0.75111008
0.57278103
0.77341962
0.74067146
0.58839923
0.5768016
0.60584778
0.74573332
0.51773971
0.78403246
0.70995158
0.60947025
0.61257523
0.66436619
0.63158339
0.61149591
0.67017668
0.56620502
0.58375591
0.6942367
0.69329488
0.65424263
0.60704643
0.69211733
0.61039054
0.72098815
0.68395966
0.63224018
0.70677823
0.57660514
0.57986206
0.67556173
0.59866929
0.54894078
0.61279351
0.62044406
0.61400533
0.6803444
0.6067825
0.6496492
0.63523895
0.63342023
0.64806473
0.57779366
0.65496594
0.74066114
0.63691664
0.5874511
0.67627698
0.62868619
0.66798097
0.66180634
0.54734123
0.67745596
0.56609923
0.88780355
0.58235544
0.6297676
0.6189819
0.61214036
0.86559242
0.61618108
0.6280725
0.68733221
0.60971576
0.59680569
0.58654094
0.64594346
0.90819728
0.69520682
0.61123419
0.53347355
0.69919699
0.68440908
0.61008132
0.62460524
0.64371151
0.88774651
0.70513815
0.81337005
0.66295254
0.58306122
0.72531462
0.57850808
0.61712438
0.58371437
0.59681928
0.69397092
0.58651543
1.3520255
0.6128071
0.80731034
0.67913997
0.63160199
0.58330721
0.60837644
0.55463451
0.54846615
0.68810308
0.59910566
0.58902889
0.5896439
0.8007527
0.90236318
0.65634096
0.60610479
0.63395047
0.58311641
0.61751854
0.71897578
0.61071724
0.50954467
0.69516748
0.71600544
0.70607257
0.76280707
0.95872551
0.98997748
0.56863803
0.84996974
0.60494596
0.87526411
0.51870453
0.50563192
0.67014813
0.61188692
0.63424546
0.63844401
0.66971481
0.6119948
0.54366177
0.64753485
0.64895046
0.63316768
0.56044489
1.0662214
0.67305058
0.73194951
0.64077699
0.65009242
0.62161881
0.53187227
0.60726881
0.62303895
0.52881688
0.71170771
0.6458025
0.65390211
0.81895918
0.60890508
0.68327153
0.5751856
0.82950318
0.59087044
0.6455707
0.56535661
0.70332688
0.6530816
0.60822856
0.58823395
0.54875374
0.64146674
0.61789709
0.66362566
0.60167462
0.57871926
0.84162933
0.53688449
0.67398763
0.57401717
0.6231457
0.95142341
0.52412623
0.73339218
0.71079278
0.62470955
0.70878935
0.62309992
0.62535214
0.57426155
0.61068094
0.57599002
0.67063093
0.57982808
0.60915428
0.59794903
0.61224246
0.68000472
0.56812292
0.62315875
0.60037041
0.62157547
0.59018898
0.70957917
0.5935148
0.48904914
0.5855276
0.60394239
0.60143209
0.66061336
0.62542355
0.57763672
0.57876551
0.56151813
0.60184175
0.6948629
0.58323467
0.64976811
0.54788429
0.58832562
0.64722741
0.54616731
0.69580007
0.69181359
0.58776373
0.74353862
0.58477944
0.63487917
0.63584787
0.52767974
0.56613672
0.6202234
0.66534352
0.56491071
0.60593629
0.67506319
0.57642877
0.73274016
0.60012525
0.60460836
0.71624249
0.84010899
0.67168909
0.60988873
0.59067857
0.61806971
0.68193686
0.68410522
0.66274548
0.69238234
0.54981935
0.77003551
0.90142965
0.60423225
0.5722357
0.63146198
0.65320671
0.62767619
0.6241166
0.67749262
0.61019129
0.6156491
0.647681
0.62811029
0.62052608
0.56539696
0.60637581
0.76608467
0.79956204
0.63796622
0.56844968
0.57331753
0.60145831
0.53919029
0.65506709
0.63197285
0.60578835
0.62579662
0.93679315
0.58601326
0.63904721
0.62718266
0.6301719
0.6633442
0.57680196
0.59655994
0.65911186
0.60756415
0.723378
0.70692581
0.64982092
0.60255289
0.60757917
0.55547249
0.60091227
0.49519837
0.71584648
0.55796105
0.52789456
0.59836102
0.57138205
0.58080536
0.6515134
0.6181289
0.6011278
0.64155716
0.57595718
0.52205974
0.63097316
0.64254534
0.57865191
0.45378515
0.66699231
0.56516248
0.61821276
0.52314126
0.55635351
0.56343102
0.606359
0.66875559
0.86663437
0.61401987
0.66035593
0.61330158
0.59865415
0.71342301
0.56166822
0.65486819
0.55426824
0.62167102
0.65265095
0.56707817
0.72749346
0.68516594
0.6055479
0.58008623
0.85669172
0.64545459
0.50953126
0.60250074
0.57672852
0.67212856
0.72959059
0.67545909
0.66726935
0.59190291
