4.9260712
5.5705767
5.6184263
5.3486757
5.313396
5.4072094
5.4646354
5.6638446
5.1076164
5.3047414
5.1936207
5.847755
5.752984
5.8722882
5.4157176
5.2342463
5.2839332
5.6058812
5.5971518
5.446207
5.3782163
5.492506
5.2403502
4.9275646
5.7472501
5.3045311
5.9604177
5.1074753
6.0054417
6.2584414
5.7613773
5.3254046
5.5642633
5.5904016
5.1994743
5.3764677
6.0031123
5.3514714
5.2089872
5.3473077
5.6689305
5.6677642
6.0361423
5.3694286
5.5763378
5.2866392
5.2577434
5.6656446
5.4687929
5.2017779
5.4173121
5.2338963
5.4196467
5.2722979
5.241879
4.5917091
5.0626354
5.1752009
5.4112368
4.9422588
5.511394
5.4702926
5.3627343
5.2000146
5.9404063
5.0764265
5.5252938
5.3515944
5.7453899
6.0894961
4.652288
5.4455137
5.3426881
5.4395065
5.5649629
5.1586132
5.5595536
5.361237
5.3042665
5.4574375
5.1601295
5.1649499
5.0815644
5.2747984
5.4479175
5.0497055
5.2996459
5.0925078
5.7206197
5.0017123
5.4866648
5.4603305
5.7523417
6.0907831
4.874084
5.3054962
5.4589787
5.2105064
5.217185
5.5196772
5.4768896
5.9732056
5.8396783
4.8682179
5.4985857
5.8428788
5.5134811
5.1061335
4.9607835
5.7148914
5.4811721
5.2600365
5.1991119
5.2701836
5.21732
5.5306044
5.3840208
5.3768973
5.3572741
5.4262033
5.3716412
5.5689411
5.0236044
5.7938809
5.1814637
5.4060407
5.3550029
5.744556
5.4984808
5.6329646
5.2539163
5.653882
5.5385861
5.5211
5.3470654
4.9730277
5.2233434
5.2822232
5.0444922
5.9987736
5.5479488
5.2497897
5.3848734
4.7800198
5.1811457
5.2270384
5.5679421
5.4539237
5.3382616
5.3427391
5.5245428
6.1605377
5.3194857
5.4810538
5.9572949
6.8301497
5.4358706
5.636559
5.9958057
5.4035754
5.7977858
5.274879
5.4832978
5.2726088
5.1655416
5.0354209
5.2137876
5.6488199
5.4686613
5.864399
5.428185
4.9817734
5.1713042
5.3819404
5.043438
5.6524916
5.3028679
5.157445
5.2346687
5.2138681
5.3839836
6.1268697
5.4927864
5.3355579
5.3466697
6.0681767
5.4901166
5.2044625
5.4335175
5.0663524
5.471674
5.574017
5.3958569
5.5575557
5.0222154
5.2971368
5.2532759
5.6325674
5.543695
5.261847
5.0110154
5.388267
5.5585389
5.8250613
4.9393706
5.393374
5.4129167
5.4705758
5.3707795
5.2986221
4.9186516
5.5139837
5.6899767
5.3155384
5.5184193
5.5455861
5.353024
5.1319695
5.89294
5.5469217
5.1755533
5.378696
5.4388418
5.2673483
5.3917217
5.4426641
5.4134784
5.2969646
5.354363
5.0436368
5.3242097
5.2869682
5.5458155
5.3159618
5.4574475
5.5948844
5.4325809
5.3502626
6.8171582
5.6653347
5.3520999
5.2625532
5.2621713
5.4327707
5.4715257
5.2271714
5.7655411
5.3651028
5.3798876
5.3543105
5.5834284
5.2641621
5.2074428
5.6122823
5.334897
5.5663147
5.4873624
4.8908463
5.3405495
5.426383
5.1797676
5.2502241
5.7497234
5.6919947
4.8679228
5.7186837
5.1555591
5.2081604
4.9430747
6.0368695
5.2913704
5.081295
5.4343848
5.1524649
5.3174305
5.2778101
5.3954139
6.4020653
5.3341031
5.3189163
6.0448656
5.4085312
5.3012409
5.4940796
7.1946115
5.5432682
5.2519469
5.8250833
5.377233
4.9922247
5.438952
6.0418296
5.7536974
5.3562584
4.929287
5.7701097
5.258275
5.2067423
6.5391059
5.2823892
5.3869381
5.1158462
5.080843
5.4056435
5.1518655
6.3254719
5.2005606
5.2055402
5.4388595
4.9408903
5.8827186
5.6257319
6.9892192
5.3860583
5.2889361
5.3068795
5.2103333
5.1869955
4.9485579
6.6097126
5.0254493
5.3212895
6.0159407
5.3345237
5.2598367
5.727335
5.3898721
5.267035
5.5971284
5.8446503
5.320715
5.6004777
5.2399793
5.4942575
5.7379508
5.6746774
5.2184334
5.7950144
5.2900319
5.5230436
5.5474005
5.5760493
4.7465014
5.1961989
5.3095036
6.1773896
6.2841001
5.5152798
5.2113881
5.7146325
5.2040038
5.6171932
5.7600589
5.4559894
5.1979051
5.4287024
4.8370771
5.771987
5.284441
5.5522771
5.5247016
5.9227972
5.1046662
5.3435168
5.219543
5.4377551
5.8854475
5.6260238
5.8606672
5.2927103
5.1571126
5.3242989
5.3312397
5.6728349
7.2893252
5.2266841
5.0831947
5.4968414
5.214036
5.7995791
5.5403137
4.90839
5.4363432
5.2793493
5.5248313
5.0834632
5.4063845
5.515481
5.4231796
5.5845189
5.404016
5.2405305
5.8871951
5.9668508
5.1091409
5.1581826
4.9645953
5.1889396
4.9787712
5.2440629
5.2922206
5.2823625
5.1502919
5.1935549
5.2003179
4.9604321
6.2852974
5.4531474
5.4000635
5.300776
5.989357
5.5082321
6.6939349
5.4142661
5.7856603
5.310102
5.5070348
5.2864027
5.9219317
5.1938801
5.316092
5.107965
5.3168321
6.543066
6.0355892
5.3049541
5.5050111
6.1639585
5.5357599
5.241559
5.4552011
5.1679139
5.3307042
5.3346114
5.2155328
5.3614144
5.36306
5.3497882
5.624114
5.5561376
5.6162992
5.2011008
5.2354288
5.2875948
5.4241085
5.4450779
5.8409815
5.345571
5.3328261
5.6914253
5.0676632
5.1232376
5.5922747
5.6341991
5.3951182
5.3155565
5.7249765
5.946949
5.3459296
6.2007866
4.8578863
5.4871697
5.0967727
5.200119
5.4048638
5.6346731
5.3862824
6.244751
5.2991333
5.2314615
5.064959
6.1902475
5.4312577
5.51582
5.3545423
5.5746293
5.3530354
5.1129656
6.0551991
6.231761
4.9633541
5.0522289
5.9432988
5.5212669
5.7748799
5.618844
5.2615685
5.8451385
5.7812114
5.330184
5.0221386
5.6375637
5.2933578
5.4799261
5.8398519
5.5051541
5.2123542
5.1092334
5.1604867
6.0468755
4.9620767
5.4875951
4.8581295
5.315299
5.4328432
5.5399404
5.2720675
5.6008244
5.251924
5.5245152
5.3640265
5.0068517
5.2998848
5.0262985
6.04422
5.210856
5.1935215
5.1067319
4.7390285
5.5638385
5.4072084
5.6062331
5.6207242
5.036912
5.5692358
5.933732
5.1330838
5.4473624
5.2164502
5.3236876
5.3615165
5.2629008
5.3986149
5.5933523
5.4002442
4.8826218
5.7083097
5.2745481
5.3162808
5.3115911
5.4076004
5.2487378
5.3740129
4.8734527
5.0071025
5.0879436
4.8631506
5.3217692
5.3408642
5.2276039
5.158731
5.2141566
5.9577017
5.1052799
5.0690246
5.7071218
5.333138
6.1620703
5.1240091
5.5189438
5.1564817
5.9640727
5.2117734
5.133625
5.5414414
5.2342529
5.3286419
5.2381234
6.2658992
5.3567634
5.9275174
5.5329008
5.6906328
5.0119591
5.6198292
5.4254103
5.2111959
5.5303421
5.970942
5.9789739
5.6020932
8.0900421
5.6316285
5.7529998
6.8843055
4.7841339
5.5663037
6.441824
6.465477
5.2717347
6.1427236
5.529017
6.1858268
5.473392
5.5703039
5.567431
5.7107158
5.3723497
5.3757129
5.4058933
5.2298994
5.7515903
6.4052753
5.3757286
5.3427715
5.4879837
5.2430015
5.071734
5.5220528
5.3631816
5.7913833
6.0128884
5.7864828
5.2349195
5.9748082
5.2472572
5.4822931
6.0618653
5.4870181
5.5823174
5.4932351
5.8551693
5.6195874
5.578722
5.1265249
5.3318834
5.2249551
5.5002551
5.2915535
5.63726
5.0832343
5.6421251
5.3764076
5.2908525
5.6226435
5.3104882
5.8402553
5.4220243
5.2573256
5.2035069
5.5635095
5.5415344
5.3605146
5.3836827
5.651763
5.6688857
5.5226173
5.4046941
6.5583959
5.617836
5.3963208
5.7325659
5.09586
5.4250402
5.7548871
5.2490115
6.5430665
5.4561005
5.1765933
5.4489765
5.5326538
5.1965213
5.9393234
5.6555142
5.4435692
5.9736915
5.4194746
5.9655371
5.3027906
6.6166449
5.2290349
5.8507562
5.7726507
5.7401404
5.4153023
5.3568034
5.5668125
5.4279809
5.5731807
5.6368427
5.2652655
5.5254707
5.4049468
5.0740523
5.191236
5.4906602
5.2539768
5.7292752
5.4673858
5.6552739
6.2526674
5.4434943
5.3791494
5.1487083
5.5342703
6.0826087
4.9139056
5.4890113
5.5287256
5.31915
5.2045541
5.2852659
5.2537389
5.2590661
5.3137641
5.3689814
5.1950808
5.3887248
5.5727434
5.6099253
5.3974643
5.7266469
5.0852613
5.0323734
5.4320579
5.5491567
5.7244711
5.5622888
5.5343108
5.6926842
5.6246438
5.088017
5.0697203
5.4755745
5.4461341
6.0666161
5.3481059
5.0875378
5.4171643
5.4213557
5.2502313
5.5210099
5.3466682
5.3180099
5.5956597
5.1949735
5.2078252
5.574976
5.6681933
5.1322432
5.2004633
5.1656556
5.3393316
6.4665804
5.4463153
5.2429538
5.3940511
5.321394
6.1264687
5.2424355
5.4515891
5.2225723
5.1110101
5.0201426
5.3198004
5.7225704
5.5170422
5.7804832
5.6956177
4.9882312
6.1270452
5.7704263
5.3794007
5.68608
5.4262795
5.8720975
5.7287493
5.3005323
5.2866654
5.277626
5.8247199
5.5028906
5.1449428
5.5136085
5.4873576
5.5080643
5.2659502
6.8828211
5.2693181
5.4614701
5.4595728
5.4368019
5.3274584
5.4985814
5.2451863
5.5919518
5.5274816
5.6206546
4.9401212
5.3575931
5.3632798
5.702528
5.4167233
5.7115617
5.6779757
5.1935573
5.370296
5.1653848
5.7125483
5.1589403
5.6055622
5.6220322
5.5802941
5.7520418
6.7676005
5.5617962
5.1547861
5.6819892
5.3124218
5.2015815
5.2494602
5.5028033
5.4267406
5.2290654
5.6772885
5.4252882
5.4767499
5.2052312
5.1290665
5.1843815
5.6520095
5.3365226
5.1614103
6.1423855
5.8862419
6.1351027
5.3486848
4.7603359
5.423563
5.3839116
5.1554403
5.332592
5.2412558
5.5478759
5.3748474
5.6978297
5.8997164
5.7182851
5.414134
5.3882685
5.3155651
5.5381775
5.4104576
5.2829041
6.0086856
5.5917888
5.5230341
5.2857227
5.201467
5.3706145
5.6936417
5.1283307
5.5822158
5.4608808
5.764369
5.1978974
6.0536752
5.4175515
5.9832978
6.6391535
5.1223803
5.6749582
6.0846429
5.48738
5.3121171
5.79075
5.2105455
4.9888792
5.275743
5.2886858
5.6328483
5.4098473
5.469749
5.321641
5.1706028
5.3792014
5.3970327
5.2242136
5.6880741
5.6643763
4.9242115
5.3632917
5.5679116
5.094142
5.4091468
5.3221297
5.051362
5.0224228
5.3058023
4.9771824
5.2426653
5.3994727
5.5730801
5.377667
5.4411726
4.7794933
5.2841005
5.1313992
5.4559846
5.3259039
5.7695389
5.0378189
4.9914627
5.6628222
5.2316728
6.1664982
5.5365467
4.9989643
5.2836628
5.5749922
5.3783946
5.3258967
5.7212205
5.1894674
5.3049068
5.6805539
5.48703
5.0552049
5.7459292
5.740417
5.2906766
5.2177315
5.4162383
5.3950377
4.790596
5.3995347
5.5525784
5.3156753
5.4941959
5.2383747
5.438026
5.437305
5.4050713
5.7246189
5.4684753
5.4798818
5.3375807
5.5428343
5.2405038
5.7470355
5.5851383
5.3745265
5.1542325
5.5378962
5.2767177
5.9129205
5.8014374
5.4623337
5.2969494
5.2284336
5.1083808
5.0476117
5.6811399
5.4601579
5.3316655
5.2649488
6.8010454
5.4686131
5.7310171
5.4635053
5.4410195
4.9785504
5.5693879
5.1814947
5.3103461
5.3812132
5.3247137
5.4149008
5.1709204
5.1768761
5.3212953
5.2381253
5.2838483
5.4494286
5.3602214
5.0032911
4.9902043
5.3160181
5.2694902
5.381897
5.43365
5.3406463
4.9427958
5.3519945
5.1022105
5.0552874
5.6985526
5.3752971
5.4986367
5.4463577
5.5655026
5.4528127
5.5127873
5.032877
5.3350773
4.9798021
5.3876948
5.6445017
5.9601941
5.2532787
5.4557943
5.4386697
5.1086092
5.9989395
5.2685413
5.507947
5.3662367
5.3870592
5.5305767
5.1780663
5.6540141
5.3659372
5.8315067
5.3715134
6.0998287
5.9064302
5.1782155
5.2940421
5.1157894
5.3954401
5.5042996
5.6230125
5.4597268
5.2546277
-3.278836
-4.2887368
-4.3141503
-4.0441484
-3.7946863
-4.1547909
-4.2423539
-4.5134249
-3.725208
-3.764266
-4.2522435
-3.2553201
-3.6497421
-3.7847083
-4.0392499
-3.6913762
-3.6735497
-4.8578796
-4.259243
-3.9448304
-3.8928738
-4.3867922
-4.3778787
-3.3994555
-4.4533997
-3.9048896
-3.7437363
-3.2598159
-5.3003068
-3.993978
-4.5344396
-4.4735475
-4.0959349
-3.9517882
-3.7561326
-3.6416914
-5.5281582
-4.4537168
-4.0826974
-4.2377839
-3.8061242
-4.7970347
-4.3691688
-3.8465116
-3.6300611
-4.1875186
-3.7770603
-4.2561159
-4.1400557
-4.24892
-4.4899788
-3.7560251
-4.4532647
-3.479964
-4.2331748
-2.8505433
-3.5522349
-4.1269584
-4.4795737
-3.7526608
-3.4566641
-4.2703614
-4.0037684
-3.635061
-4.1088047
-3.6045222
-3.865963
-3.7552712
-3.9946573
-3.5670931
-3.3776548
-4.4581313
-3.864567
-3.7565122
-4.833252
-4.2443056
-3.9607697
-4.130631
-3.7014253
-4.2412715
-3.7983449
-3.5255206
-4.0111866
-4.067627
-4.1881046
-3.706826
-3.8157024
-4.5659747
-3.8856575
-3.5036376
-4.401063
-4.4236059
-4.4484501
-4.9472189
-3.5909584
-4.0398912
-3.8534486
-3.9927795
-3.9951861
-3.8522172
-3.8809886
-4.1745605
-3.9752758
-3.1952829
-3.8443813
-4.4513884
-3.9395289
-3.3997629
-3.6242883
-4.2024512
-4.5531039
-3.3984551
-3.6176133
-3.8538463
-4.1999359
-4.7594166
-4.2476659
-3.8734148
-4.2063174
-3.3417068
-3.8054428
-4.135952
-3.5896993
-3.9685035
-3.9327946
-4.0112338
-4.0247884
-4.7392454
-4.0723524
-4.552362
-4.3404269
-4.2581196
-4.1259685
-4.7103052
-3.6663566
-3.86833
-3.1024599
-3.6576691
-4.0492101
-4.8146348
-4.2914538
-3.8960631
-4.5648456
-3.4470444
-3.7686722
-4.4375353
-3.7931299
-4.2585845
-3.9766355
-3.7159331
-4.1007242
-4.0621662
-4.1497211
-4.8483319
-4.2027016
-4.7098589
-4.4428201
-4.3086576
-5.0300589
-4.116271
-4.4019213
-3.4569213
-4.3472829
-3.9815791
-3.564759
-3.3359802
-4.0940232
-4.7221174
-4.0744057
-4.6150088
-3.2286627
-3.7111146
-3.9258919
-4.3827333
-3.5083241
-4.1987143
-3.871949
-3.7035053
-4.0155873
-3.9979296
-4.2121811
-4.0728064
-4.1607981
-3.8584666
-4.2071319
-3.6721418
-4.0485373
-3.9685032
-4.2455506
-3.4142506
-4.5515909
-4.407783
-4.0699348
-3.4439235
-3.7297711
-3.5558562
-4.1327734
-4.6124301
-3.8823171
-3.967236
-3.6371729
-3.7929778
-4.6056151
-4.7598281
-3.6328042
-3.9948161
-4.2845178
-4.1899204
-3.6326749
-4.4108005
-3.4881938
-3.7819312
-4.1902122
-3.823406
-4.2072763
-4.4903097
-4.3725433
-3.3663542
-4.5627985
-4.6998076
-3.9793406
-4.2004242
-3.881588
-3.9809768
-3.936089
-4.0647693
-3.9936025
-3.8686309
-4.3015065
-3.848263
-3.4249613
-3.8716063
-3.9136715
-3.767324
-4.0560937
-4.2919693
-4.4987545
-3.8921323
-4.5198975
-4.116456
-4.7305584
-3.5262833
-4.0209489
-4.3390751
-4.4447145
-3.8031578
-3.8603973
-4.8562689
-4.1787996
-4.2768373
-3.3214798
-4.2201509
-3.5159378
-3.6582499
-3.7987585
-4.606811
-3.9456263
-3.5411601
-4.0312729
-4.4995747
-3.7336264
-3.8487592
-4.5001426
-4.4789782
-3.5885124
-4.4633341
-3.62657
-3.3823628
-3.29
-4.1061144
-4.6765318
-3.6764686
-4.3504066
-3.8981719
-3.755173
-3.8968132
-3.9883189
-4.0022602
-3.9437582
-4.2044525
-4.0587335
-4.5735292
-3.8859839
-4.204267
-3.6258285
-4.3628802
-4.2457652
-3.8197522
-4.177505
-3.6018596
-4.2174668
-4.6284018
-4.6268144
-4.3301625
-3.9048281
-3.7042022
-3.8057711
-4.0021787
-4.6600914
-3.9926202
-3.9493725
-3.7112472
-4.0862942
-4.0542068
-3.5758107
-3.5741951
-4.1566339
-4.2278743
-4.2716727
-3.1823876
-3.9453015
-4.390985
-4.0515804
-4.4479594
-3.7537713
-4.179986
-4.0990505
-4.0519724
-3.6111345
-4.5960712
-3.5022922
-3.8248336
-3.8901989
-4.2032504
-4.053618
-3.8252943
-3.9600308
-3.8947258
-4.8188658
-4.7458367
-4.0159893
-4.3219428
-3.7419395
-3.8547232
-4.531446
-4.3805709
-3.8282678
-3.9812312
-3.9045441
-4.2225709
-4.6936436
-4.2269101
-3.414432
-3.9870842
-4.3355284
-3.896389
-4.2820373
-4.076148
-3.7892673
-5.0766997
-3.9474747
-4.4402204
-3.5364697
-4.3362336
-3.4480705
-3.74891
-2.8166108
-3.9645629
-3.8985415
-3.7790644
-4.3923435
-4.0819116
-3.865978
-4.380569
-4.219398
-4.1476979
-4.1197619
-4.4919724
-4.2786393
-3.5989895
-3.6943665
-4.2520986
-4.0960283
-3.9088686
-4.062263
-3.7244706
-3.8273818
-4.3306231
-3.9055727
-4.0284123
-4.4888453
-3.7503331
-3.9630685
-3.9731414
-3.9913149
-3.8551252
-4.0216012
-4.0132403
-4.5024886
-4.5030594
-4.1555815
-4.2926087
-4.8270869
-4.0943937
-3.3890247
-4.1001053
-4.1012955
-3.9841478
-3.7393925
-3.8255112
-3.2226546
-4.3535385
-3.9112847
-3.960537
-3.734571
-3.4895024
-3.9724045
-3.8356912
-4.0473146
-4.1386132
-3.9642856
-3.8742824
-3.8600323
-3.8602757
-4.7834759
-4.1576943
-4.4827781
-3.8484528
-4.7440462
-3.7924974
-2.9745657
-3.6653905
-4.4037313
-3.3939302
-4.2157807
-3.7203345
-4.3545985
-3.5144074
-4.30161
-3.7916777
-4.2879868
-3.8085556
-3.7677934
-3.8470826
-3.9872398
-4.0365906
-3.5060449
-4.6841478
-4.6035166
-4.1106877
-4.4560957
-3.05739
-4.2302761
-3.7530811
-3.6608641
-3.6680474
-4.597681
-3.8002973
-4.042819
-4.7934451
-3.9023769
-3.4138374
-4.4654016
-4.1133828
-4.0136099
-3.9036217
-4.8231177
-4.5076056
-3.9399657
-4.3328376
-3.2366195
-4.4919457
-3.684659
-3.7941401
-3.7655063
-4.4453068
-4.2410769
-6.0026536
-4.0388579
-3.8768489
-3.4934354
-3.5427077
-3.7860918
-4.0322304
-3.8374641
-3.6413157
-4.2211952
-4.2408886
-5.5340047
-4.8521857
-3.6952362
-3.7705789
-4.3245997
-4.4249816
-4.4260693
-2.5427034
-3.9659355
-4.0069251
-4.4053521
-3.9652891
-3.5597804
-4.5478854
-3.8542938
-4.2418995
-4.4533043
-4.1327829
-3.763536
-3.8108315
-4.179709
-4.0683298
-3.6562433
-4.4566312
-3.4155352
-4.0356236
-3.3611975
-4.2204251
-4.1642432
-4.3945341
-4.1749749
-4.1148176
-3.955457
-3.9954004
-4.2782974
-3.6086192
-4.1421914
-3.8739343
-3.5286164
-3.8890173
-3.8992014
-4.5653954
-4.3272424
-4.3758287
-4.6059022
-3.5540237
-4.4340978
-3.8867521
-3.6435225
-4.1698198
-4.2786441
-3.7797718
-4.3546576
-4.2124228
-3.4251049
-3.8387001
-3.5804095
-3.4054677
-4.1361375
-4.0484171
-3.5728204
-4.050559
-4.1438336
-3.8230348
-4.1937513
-3.4853261
-3.2738004
-3.7417181
-3.5820239
-4.1185927
-3.9659491
-3.8472514
-3.8648086
-3.6095376
-3.7735009
-3.1470721
-3.7316248
-3.4926968
-4.0735064
-4.6969419
-3.931385
-4.3104391
-4.0864863
-4.3528376
-3.9631824
-3.5691054
-4.0917716
-3.6962044
-3.8512988
-4.1989946
-4.5799952
-4.2136645
-4.5807548
-4.2202401
-4.7292538
-3.919498
-4.5796456
-4.2341089
-3.6952133
-4.3442297
-4.4573121
-4.8081565
-4.3606582
-4.0674858
-3.9368508
-3.7107811
-4.9688015
-3.3728161
-4.0715551
-4.0214019
-3.9700408
-3.9712977
-4.2988377
-3.9021139
-4.8695903
-3.7893696
-4.4684362
-3.9177678
-4.4423552
-4.2402844
-4.2870278
-4.0049458
-3.9608366
-4.6039038
-4.4210701
-3.8804469
-4.3520131
-4.3144054
-3.9073412
-3.422184
-3.8393006
-3.8942282
-4.6600218
-3.8777778
-4.6102457
-4.3665423
-3.9101999
-3.9002194
-4.4289904
-5.0291228
-4.349833
-4.6532373
-4.1023846
-4.5439882
-4.6016378
-4.1926527
-3.6158161
-3.7341304
-3.837013
-4.3526344
-3.8337955
-3.8866396
-3.3271463
-4.6181808
-4.10428
-3.6676605
-4.3006663
-3.6566052
-4.0789557
-4.3733683
-4.320034
-4.1904354
-4.2129321
-3.4083612
-4.2675767
-3.7722824
-4.4097509
-4.4235735
-4.3334885
-3.8728113
-4.5598044
-3.9704847
-4.5777531
-3.6147299
-3.7292559
-4.3212314
-4.5611701
-3.5447161
-3.9107881
-4.0045652
-4.0010529
-4.2623792
-4.1588531
-3.9134774
-4.8635802
-4.3791919
-4.3108211
-4.8189011
-3.9690969
-3.8111
-3.3171742
-3.8296587
-4.1525755
-3.5955517
-3.8995514
-3.7691274
-4.197238
-4.4654169
-5.0471263
-4.3518839
-4.349062
-4.3376474
-4.1534595
-4.4809561
-4.5343337
-3.920711
-3.4882684
-4.2405734
-4.0864525
-4.3400755
-3.8223178
-4.6229801
-5.0963745
-3.6409397
-4.0598178
-4.061152
-4.5576892
-4.6519089
-4.0768948
-3.3872921
-4.0313911
-3.9469147
-3.7765779
-4.0036802
-3.2897565
-4.0241122
-3.7424726
-4.2666597
-3.919857
-3.4138744
-4.4656529
-4.4894261
-4.3624344
-4.1848726
-3.4982195
-3.2466147
-4.1379786
-4.476963
-4.3274794
-4.5566459
-4.5095272
-4.1323948
-4.5682545
-4.0585375
-3.6014016
-4.1636877
-4.0933595
-4.3777738
-4.0667577
-3.5020542
-3.8832338
-4.2439332
-3.6367035
-4.3006487
-3.8879499
-3.7788363
-4.4877896
-3.8563225
-3.8852928
-4.1059022
-3.7317557
-3.7420778
-4.0268788
-3.3910789
-4.3403649
-4.7691565
-4.0737939
-4.1637092
-3.935631
-4.0243278
-3.8188479
-3.7645144
-4.2892952
-3.8548443
-3.5828412
-3.519068
-4.1049562
-4.7600727
-2.9816885
-4.0512223
-4.7873044
-4.096539
-4.34237
-3.9775059
-4.1653728
-4.2758493
-4.2497468
-3.6362727
-3.7190938
-3.3783264
-3.8140128
-3.9106507
-4.303206
-4.4783058
-3.8779566
-4.4297709
-4.2044468
-4.1516905
-3.9645038
-2.8112671
-4.1784301
-4.0170808
-4.0772357
-4.3421984
-4.2526417
-4.3955026
-4.0772233
-4.87184
-3.9579837
-4.0117431
-3.5699975
-4.2918334
-3.4149454
-3.4484468
-4.1071682
-4.7007432
-4.877727
-4.3322611
-3.8953629
-3.7206542
-4.5931354
-4.1186042
-4.2345686
-3.6131096
-3.8460515
-4.5718145
-3.5945432
-2.75492
-4.3285079
-4.0307813
-4.184411
-2.3544703
-4.1326084
-4.5753155
-4.3229012
-4.0441608
-4.9752264
-4.2192864
-3.5290122
-4.0461612
-4.0601974
-3.798095
-4.3166118
-3.7022829
-4.0026994
-3.3650246
-4.692533
-4.9253387
-3.9252439
-3.245476
-3.6520305
-4.7524266
-3.7545495
-3.9157953
-4.3681808
-3.9097748
-4.1105552
-3.9441917
-3.9674904
-4.3015199
-3.5787053
-3.9204481
-3.4725063
-4.6039076
-4.0676165
-3.9185417
-4.493361
-4.7066212
-4.3374863
-4.1288505
-3.8769696
-3.9784193
-4.4161348
-3.8822365
-4.4814219
-4.4871597
-3.974241
-4.2146072
-3.9021699
-4.2765064
-4.7247939
-6.8016486
-3.9643726
-4.2769828
-4.1761184
-4.2098231
-3.5783947
-3.3920581
-3.8168228
-3.7064033
-4.040318
-4.1719418
-3.8847198
-4.4140835
-4.088141
-4.3341341
-3.6323135
-3.8583419
-4.253643
-3.7638309
-4.4096694
-4.530786
-3.4503062
-3.7612138
-4.275125
-4.2872028
-4.3089156
-4.3343024
-3.4505479
-3.4653387
-3.8287539
-3.9405725
-3.7277112
-4.03616
-4.3092237
-3.700202
-4.5460782
-2.9880748
-4.1734962
-3.831408
-4.1592889
-4.1405716
-4.0210433
-3.3437951
-3.7111378
-4.0642247
-3.8887324
-3.9470301
-4.1469073
-4.1043563
-4.0190597
-4.1971207
-3.9914846
-4.3062229
-4.1877151
-3.8115058
-4.2557502
-3.6389506
-4.2367702
-3.8398077
-4.3955908
-3.5283384
-3.5314879
-3.6147249
-4.5138626
-3.8892429
-2.8392467
-3.6790774
-4.2608509
-3.8079956
-4.4622989
-3.0538514
-2.8281994
-4.4571648
-4.1662922
-4.0531826
-4.0592375
-4.3965349
-3.7910223
-3.8901882
-4.2933574
-4.5189271
-4.1356454
-3.9872608
-3.8288977
-4.1422729
-3.9877145
-3.8833044
-4.0383077
-4.1677456
-4.1258574
-4.0027838
-3.8747725
-3.7989745
-4.5879865
-4.228291
-3.9188025
-4.2669754
-4.0961537
-4.2850413
-4.5275307
-4.2947402
-4.2310219
-3.1990318
-4.8127251
-3.9540155
-3.8392346
-4.0264697
-3.8043971
-3.7620134
-3.1607106
-4.01088
-3.9330828
-4.2117839
-4.1507945
-4.728518
-3.7630165
-3.5790489
-3.8115256
-4.1689782
-3.8647387
-4.3540897
-4.0880852
-4.1596093
-3.5133729
-3.7935467
-3.8542759
-3.8953254
-4.8136053
-3.7712753
-4.4573231
-5.908143
-3.9512086
-4.4807611
-4.3960867
-3.8529909
-4.2022514
-3.5544958
-4.4811306
-4.7120805
-3.6803677
-3.9619942
-4.277812
-4.1028643
-3.8752186
-3.9802644
-4.1065192
-4.3312311
-4.4590955
-3.8882024
-3.9622965
-3.7917993
-4.0342979
-3.4009826
-4.6715732
-4.2868042
-4.0340791
-4.8912683
-4.3854628
-3.9214721
-4.0233831
-4.1769786
-4.0565543
-4.192915
-3.9656882
-4.0045376
-0.47055605
-0.56167531
-0.89960718
0.11707693
-2.5259416
0.83847463
-2.2795675
-1.4663587
0.18133838
-1.5611148
-1.0295181
0.046628613
-0.78513879
-0.47252837
-1.4195175
0.41242504
-0.010838381
-0.31144103
-0.68864977
-2.2989023
-1.0478795
0.023315618
-0.0058159116
-1.7461425
-1.9952514
0.79354215
0.40698859
1.7793273
-0.87390465
-1.5241407
-1.0862807
-0.43045405
-1.5913669
-0.99303335
-1.3652375
-2.1732333
-0.25150868
0.099619783
0.17689654
-1.1599445
0.81064379
-1.5114769
-2.006465
-0.33096918
-1.1890932
-0.90220165
-0.82809681
-1.1852956
-1.2415284
1.0371608
-0.2216972
-0.87754047
-2.189224
-0.36932704
-1.1812539
0.23938848
-0.46795979
-2.0698147
-0.74714768
-1.9240888
0.31121892
-0.54266131
-1.5126165
0.42824289
-1.2984487
-0.0041464888
-0.74519551
-0.41130051
-1.4052737
-0.45103183
0.051336955
0.24968998
-0.71158785
-1.7191238
-0.79314137
-0.32953027
-0.52716255
-1.7622132
0.031788852
-2.5595229
1.443496
-0.27124527
1.1590208
-1.3205506
-0.25782847
-0.88369781
-2.2266614
-0.06301637
0.40146145
1.3204559
-2.6534314
-1.396448
-0.2589041
-0.86652434
0.64712274
-1.3852445
-3.276217
-0.53812718
-2.2978668
-0.53721422
-0.63548833
-0.87666762
-2.1872108
-1.0878093
-1.5332835
-1.6880596
0.25387907
-1.0921003
-0.12842406
-1.1816536
-1.9832284
-0.38360843
0.7912339
-0.1386877
0.2209646
-0.96900564
0.049716279
-0.26290727
-0.9378162
-1.1954811
0.95629424
0.17562212
-0.16492885
-1.491098
-2.048913
-0.13883162
-2.3223171
-1.5837579
-0.79187024
-0.96912265
-0.22068708
-2.1044149
0.2122799
-0.41582742
-0.028101992
-0.43285668
-0.70010835
0.66891086
-2.5134723
-1.4211895
-0.45943132
0.90211391
0.91705257
-0.51104909
-1.1073101
-1.0332003
-1.5709472
0.50167054
-0.54353708
-0.088334009
-0.6261847
-1.2890621
-1.1399771
0.99001807
-0.35742036
-1.2354429
-0.97836685
-1.4316437
-0.5552544
-0.9285593
-1.1929811
-1.7651058
0.36228907
-1.2956817
-2.5874851
-1.5483845
-0.88101006
-1.8572972
-1.6494954
0.19146504
0.83640462
0.34547734
-0.64597249
-0.66402423
-1.9884437
-2.0920098
-1.3263676
-0.14829244
-1.2559373
-0.44426626
0.31346285
-0.84208906
-0.17860214
0.98917872
-1.5037839
0.57717139
-0.86311525
-0.007787582
0.035729762
0.34159493
-0.88751328
-0.39773497
-0.84171242
-0.60074556
1.206152
-0.63444072
-0.50047845
-0.010950751
-1.0685935
-0.56201726
-2.1266358
0.72005057
-1.1269957
-0.2305039
-0.48606724
-1.0708512
-2.2898417
-0.95354551
-1.0320514
-1.2133397
0.13753691
-0.48768783
0.11527462
-1.6148391
-1.1608636
-0.085537739
-1.3011926
0.20345749
-2.3156798
-1.8246986
-2.9821887
-1.3973147
-1.9833989
-0.9733389
-0.82511324
-1.8119428
-1.6956112
-0.36885706
0.59720212
-2.0130315
0.53010279
-2.2517846
-0.71569741
-0.85159719
-1.3598174
0.12210321
-0.61104476
-0.4312042
-0.70627981
-0.050193585
-0.17896007
-0.97558099
-0.85204786
-1.0884171
-0.94251341
-0.41261655
-0.56050211
-0.79944319
-1.7356781
-1.0033079
-0.71822208
-1.9283931
-1.8892487
-0.11983651
-1.4367081
-1.4270366
-1.166545
-0.089172244
-0.19644222
-0.66711152
1.4816897
-0.82085997
-1.0887667
-2.5260794
-1.2751667
-1.4169321
1.0517499
-1.6519783
-2.071933
-1.6852731
-0.98073292
-0.29550415
-1.269363
-0.57192075
-1.4520781
-0.66533101
-0.73351645
0.5937143
-2.6427479
0.17629892
-0.67174876
-2.7334266
0.37353235
-1.6987544
-0.76670367
-0.43016976
0.47746363
0.073050678
-0.4248713
0.4777101
-0.3256065
-1.4218475
-1.8623308
0.3304517
-1.4010222
0.33002001
-1.6332597
-0.65323466
-1.900821
0.76152217
-0.010243467
-0.75298905
-0.024703832
0.38976043
-1.4415861
-0.45058593
-2.3630421
0.88406497
-0.87030017
-0.43596536
-0.66868991
-1.2778784
-1.124269
-1.2918866
-0.18225585
-0.76336396
-3.328949
0.36776167
-0.41362342
-1.7566983
-0.5175209
-0.87932611
-1.2707157
-0.92193258
-1.0406605
-1.0331625
-2.2706602
0.46881849
0.41962779
-1.2949127
-0.076953582
0.20606391
-0.73286116
-1.4112866
-1.8478123
-0.018970119
-0.19639364
-3.2836998
-1.5930315
-1.4669683
-0.99925762
-1.2530601
-0.9368481
-0.53779525
-2.6323094
-0.87162775
-0.59715945
-0.96839064
-2.3776879
-0.26108176
-1.4858279
0.02878082
0.15464972
-3.1281965
-1.1560961
0.28878486
-1.8704547
-0.99537545
-0.59010834
-1.5729142
-0.44510621
-3.1451368
0.51835012
0.3927516
0.88652521
-1.9103681
-1.2520502
-1.7590263
-0.47079507
-0.67880285
-2.2412677
-0.3327314
-1.1103113
-0.2879464
-0.89612037
-2.1781991
0.087860383
-1.0435011
0.79990882
-0.58699614
-0.22932975
-0.42321637
-0.72919536
-0.6147756
-0.91878605
-0.54365873
-0.52202153
-0.69942993
0.57659429
-1.8800551
-1.2656078
-1.5156684
-3.4109848
-0.57331342
0.20859322
-0.72513592
-0.76585966
-1.1751875
-2.0294435
-1.772522
0.28132629
-0.67646956
-0.19340716
-0.63002187
-0.74369013
-1.379228
-1.0323169
-0.99037004
-0.43541709
-1.2498363
-0.83743578
-1.6187253
-2.1240354
0.090078145
-1.1494049
-0.56926775
-0.55773056
-1.2295446
-0.78340721
-1.1327014
0.01405167
0.62195611
-1.0627966
-1.6459166
0.17049582
0.50774133
-1.3658303
-0.21839742
-1.7022791
-1.5699624
0.1220756
0.15786853
-0.87483138
-0.05686599
-0.38590994
-1.5261497
-1.9221687
0.88348579
0.59463686
-0.94767725
-1.1028335
-0.20045061
-2.4852545
-0.37154394
-0.93218678
-1.4453582
-0.23597908
-0.31925327
-0.18993306
-1.3077095
-0.87029195
1.3269465
-2.531441
-0.57860243
-0.13242759
0.23676664
0.11339219
-1.284044
1.0925484
-2.3242435
-0.96590453
-0.048826549
0.23558262
0.3174569
1.7890477
-0.9834885
-1.7947074
-0.84033871
-0.74311221
-0.56156915
-1.2512687
-0.27859178
-0.16381855
0.84859866
-1.0591102
-0.32360804
-0.62133783
-0.72447348
-2.333323
-0.55597472
-0.76862472
0.36816329
0.39481831
-0.91430032
-1.1079694
0.74793631
-1.8083043
1.3938667
-0.51924378
1.1154033
-1.1736385
-1.5602387
-1.8974261
-0.16644958
-0.94842893
-0.78582412
0.47535294
0.58429956
-0.52631587
-2.5505621
-0.73180908
-0.52392668
-0.37336615
-1.9168254
-0.78226203
-1.504254
-1.2083398
-0.36310068
-1.5837128
-0.23878856
-0.40917709
-0.83409119
-0.15234442
-1.5388856
-3.5028226
0.23131374
-1.4097656
-0.49013254
-0.79177296
-1.2784569
0.14059098
-1.3206421
-0.1005237
0.12338047
-0.37618428
-0.43212321
-0.18557923
-1.7384747
-1.2024063
-2.8581154
-0.82231295
-0.15267976
-2.3236587
-0.59967011
-0.36421084
-0.39736447
0.9700774
-0.24236284
-1.739603
-1.1928163
-0.3097629
0.68348348
0.068629548
0.37608361
0.67017835
0.12151779
-0.19345032
-0.86599714
-0.58743745
0.12527618
-1.3769298
-1.2167952
-1.4042535
-1.6075122
-1.3167729
0.17184688
1.2928421
0.11270487
-1.1786095
-0.29206797
-0.90444386
-1.8482286
-0.4542315
0.086562984
-1.3733705
0.011562764
-2.0246034
-1.7685966
-1.2550197
-0.33933449
0.34732917
-0.85065681
-0.52070802
-0.62904865
-2.4762733
-0.93863869
-1.4935491
-1.1670377
-0.61155915
-1.7714115
-0.87620193
0.97381961
-0.77696317
-0.49145931
-0.5484876
1.154677
0.065104641
-2.6474614
-0.58205718
-2.4647834
-2.5245736
-1.7032229
-1.0647923
-0.34614491
-0.77277714
-1.7233912
-1.2698336
-1.4788567
-0.31868169
-1.1154249
-0.27476153
0.63301283
-0.29205829
-1.9507793
-0.82154942
-1.4029367
-0.7933774
-1.1418169
-1.0064114
-0.93572992
-0.507945
-0.50094324
-0.61079669
-2.0663321
-0.82216144
0.041068349
0.087169446
1.1303238
0.31363812
1.039484
-2.0758824
-0.032888677
-1.6756271
-0.14247178
-0.24264018
-1.3261161
-1.3658354
-3.160521
-0.76207072
0.54343015
-0.8238712
-1.0260303
-0.40843946
-1.3925495
-0.17363541
-1.6325358
-0.9243592
0.16237848
-1.4087756
-0.37586856
-0.16027088
-1.7034525
-1.0025527
-0.28641888
-0.79888809
-1.3545065
-0.44053313
1.2627652
-1.3612555
-1.0612973
-0.33128875
-0.84912062
-0.77897179
-2.136982
-1.1521571
-1.2228101
-0.49171636
-0.072674878
-1.1249658
-1.1923369
-0.82018
0.53667027
-0.77628189
-0.95286572
-0.9928931
-0.79912269
-2.3205538
0.076484405
0.91159213
1.1819001
-0.38466218
-1.8704795
-0.90163362
-0.71918833
-0.2756252
-1.3777453
0.5917148
-0.24847187
-2.2491508
-0.62445861
-1.0211844
-0.61015087
-0.081473373
-0.69058448
-1.346334
-1.5379987
-0.15307872
-1.7890067
0.51401603
-0.034871098
-3.3608806
-0.43030766
-0.7550354
-0.25642836
-1.3287002
-1.0478915
0.44211081
-1.1406232
-2.4591813
-0.68746573
-0.12354872
-1.1045601
-1.4864322
-0.62430722
-0.92747575
-0.17235181
-0.054302447
0.086495034
-1.305469
-2.5534096
0.32675627
-1.5098971
-0.25086495
0.60651523
-2.288909
-1.8883131
-0.22669688
-2.2352676
-3.2577672
-1.9288862
0.09484528
-0.11979928
-1.2540467
-0.17113054
-2.3099165
-0.050760012
-0.93567294
-1.5742165
-0.98888165
0.59148806
0.21487835
-0.99694639
-0.646716
-1.058027
-0.023465976
-1.2784733
-0.12248062
-0.82275993
0.46502009
-2.7665906
-0.021374855
0.55886704
-0.76317745
-2.1044168
0.89604586
-1.0587152
0.45588419
-0.9682312
-1.2994301
-1.289428
-1.0125129
-0.061680034
0.62714207
0.78187448
-0.5786888
-0.70382458
-1.4593667
-3.5092952
-0.52380347
-1.4520365
-3.3003721
-1.5756272
-0.8180089
-1.6963419
-1.8545825
-1.0260034
-1.4117743
-2.273015
-0.89542216
0.042451903
-0.78509837
0.57274735
-0.17937541
-1.6679488
-0.48093367
-0.87930179
0.12151602
0.40444377
-1.4526459
-1.5499244
-0.44936875
-0.90431821
-0.87275916
-0.76918733
-1.1361593
-1.5291837
-0.76771492
-2.6461623
1.7605338
-0.56914026
-1.6999364
-0.5114997
-1.4204346
-0.98586482
-1.8882
-1.8246994
-1.513101
0.45594391
-0.66908383
-1.1582836
-1.1739088
-0.46456021
0.13073851
0.38672549
-0.80241668
-0.72913146
0.71367574
-1.7278894
-0.56224221
-0.56096035
0.53826779
0.34921372
-2.5469573
-0.065188743
0.33601967
-0.021912111
0.26798621
-1.3420177
-2.193243
-2.4271612
-0.91167587
-1.5901767
-1.9441173
0.62205952
-1.4093293
0.74122208
-1.102878
-0.44648352
0.27144727
-2.6654916
-1.5879192
0.19105969
-2.3832953
-0.35310605
0.34978688
-0.38000455
-2.0417778
-0.59612185
-0.87862813
-0.92759997
-1.9491886
-0.11510716
-2.142698
-1.9431914
-1.7995368
-0.76015288
-1.9558532
-2.4382119
-0.20691918
-0.29191202
-0.53637409
0.28437817
-0.20770156
-0.27684844
-0.68987459
-0.16270995
-1.7111214
-0.6173715
-1.8743656
0.33141395
-0.77170205
-0.37077838
-1.4070811
-1.4435043
-0.10173851
-1.7108332
-2.4638467
-0.30174625
1.08726
-1.0291957
-1.3071001
-1.8575596
-0.2961522
-1.4824172
-0.5569979
-0.81414646
0.0096179079
-0.04733051
-2.598685
-1.5425103
-1.2162554
0.56157959
-1.9283653
-0.8025831
-0.26451063
-1.3241816
1.087582
-0.62739849
-0.40683803
-0.67137212
-0.06077024
-0.95408934
-1.4561309
-1.697709
-0.56300545
-0.43883774
0.054201484
0.28627875
-2.3540466
-1.8553386
-1.6678255
0.75177753
0.76743978
-2.7334085
-1.3498089
0.85528189
0.71429491
-0.20295085
0.18045799
-1.0932742
-2.0670984
-0.52706343
-1.8007606
-0.4099929
-1.5567021
0.63726264
-0.1428223
-0.3339614
-0.38040045
-0.10914695
-1.6173509
0.64178741
-1.1913265
0.86634982
0.87713522
-1.1712897
-3.7852376
-1.098227
-1.6630439
-0.70770967
-0.2642068
0.069144428
-0.80595791
-1.0259259
-1.6054926
-1.4162377
-1.8479981
-1.3436701
1.3543332
0.19554694
-0.80316424
-0.72128224
0.88197303
0.84893316
-0.81880754
0.10029813
0.84541589
0.3652758
-1.3232429
-1.5383594
0.40123844
-0.74195689
0.036201052
-0.32891306
-0.80995023
-1.3970891
-0.52876449
-0.81694549
-2.1462913
-1.7621737
-3.4691567
-0.38220048
0.25064868
-0.10081314
-1.1558726
1.390273
-1.8123425
-1.8820686
-0.74231237
-1.2330732
-1.6681467
-1.8663207
-0.6838631
-0.55870032
-0.93378651
-2.6448927
1.2250311
-2.14521
1.0197115
-0.37520701
-2.0663128
-1.723955
-0.68433994
-0.28972265
-1.6090922
-0.59134597
0.73518205
-0.18761261
-1.7003634
-0.039272122
0.39478981
-0.71336782
-1.96286
-1.4309781
0.3236171
-0.6500237
-0.53245223
-0.64309382
-1.8257679
0.61855298
-0.65165716
-1.4834239
0.48636466
0.65845889
-0.65432453
-1.0337625
0.84850991
-0.99882901
-1.8276764
0.76273274
-1.3013902
-1.4947507
-0.13088839
-0.39826456
0.31067827
-0.79920971
-0.74213088
-0.28990006
0.39137194
-1.8756011
0.27925387
-0.42589787
0.34112906
-1.4325755
0.59867781
0.52382803
0.6948486
0.70728391
0.64988136
0.59831107
0.61655039
0.48990896
0.51112121
0.54672492
0.49077541
0.93029511
0.85115945
0.74118084
0.57051492
0.59315252
0.64002562
0.5961951
0.65690571
0.60613143
0.69495392
0.7886923
0.5117445
0.60519737
0.58224642
0.53275156
0.89093369
0.65971023
0.77993917
0.80161893
0.58701742
0.65463972
0.75288463
0.64128345
0.67259103
0.59565616
0.56228459
0.62210655
0.54719031
0.64788198
0.9256987
0.55683917
0.57005781
0.52509958
0.76811945
0.52510804
0.60073465
0.76643902
0.55054021
0.65230626
0.56381059
0.60256064
0.49628723
0.77935052
0.69921619
0.69742739
0.56417269
0.45532045
0.58451402
0.70552361
0.70963883
0.62792885
0.67642939
0.57949179
0.77451307
0.58467478
0.56678134
0.73073065
0.62854993
0.94637465
0.65653342
0.57708836
0.60153586
0.63951957
0.55167431
0.60496515
0.54543549
0.59256887
0.52881175
0.75289911
0.61237526
0.66832376
0.53728712
0.63273507
0.60176355
0.63714951
0.57249856
0.38859156
0.67187148
0.66315138
0.66531289
0.46780321
0.67291731
0.70981443
0.77533883
0.61284381
0.65354156
0.50175714
0.61587209
0.75878531
0.76008463
0.69974577
0.73695862
0.55198109
0.64722061
0.59556496
0.54361957
0.59250158
0.53603965
0.69264597
0.40015265
0.61875141
0.71113861
0.57500148
0.64825302
0.54452276
0.58672351
0.58337092
0.59336442
0.74677533
0.53841746
0.61029053
0.66056913
0.59503782
0.50807178
0.62766498
0.54641217
0.62440437
0.58717
0.65170985
0.64525557
0.69659603
0.59472167
0.51969117
0.72095376
0.54902333
0.77636987
0.65300512
0.67766082
0.66295201
0.50146633
0.68344092
0.52104759
0.69076508
0.62662303
0.4651894
0.52164727
0.50136948
0.61319387
0.62840343
0.54750228
0.73397315
0.60240525
0.76164395
0.80669433
0.97941375
0.53270012
0.66724557
0.63641733
0.63199455
0.58376592
0.73021966
0.59507602
0.59554684
0.71018851
0.62226367
0.66964781
0.60798144
0.60828173
0.63118935
0.64768571
0.64376557
0.66823745
0.54805547
0.56234235
0.85369903
0.56724769
0.65264398
0.70410782
0.75843793
0.55345982
0.80166411
0.64425665
0.84833086
0.599482
0.91253561
0.75968277
0.58269399
0.65011156
0.72488612
0.57120764
0.65399498
0.69810671
0.69684595
0.60051781
0.75178933
0.50495696
0.65054345
0.73308408
0.68626398
0.50752723
0.66288543
0.58554488
0.67204905
0.58851147
0.59978163
0.62649935
0.57828867
0.65090179
0.60483885
0.49280304
0.70800132
0.64759231
0.67135543
0.49674743
0.58181375
0.59778142
0.53990412
0.58679032
0.64393032
0.53686172
0.56012428
0.71204102
0.63456506
0.52952045
0.52978426
0.59879512
0.69331801
0.59042823
0.44509453
0.72435355
0.56029594
0.64965951
0.66438401
0.61953712
0.77407438
0.50002003
0.62272859
0.83835429
0.69050044
0.49281105
0.76589
0.69022518
0.52171433
0.52560669
0.63948381
0.70900571
0.48599976
0.62017381
0.58498061
1.0038985
0.61084306
0.63128877
0.69833559
0.684937
0.63627511
0.65139824
0.53366238
0.71613115
0.56806409
0.49183053
0.57857031
0.83714974
0.74111021
0.56080294
0.83536243
0.69661182
0.72160476
0.67620271
0.96647871
0.54280365
0.56436938
0.56837642
0.61134326
0.67006528
0.61070222
0.56525016
0.70046407
0.60260797
0.59599996
0.82495677
0.66908407
0.50243759
0.74518526
1.2207437
0.59885156
0.52584124
0.85855091
0.59272158
0.58541262
0.63539004
0.64072359
0.58818996
0.64566231
0.5623582
1.0399771
0.56578583
0.72826374
0.88961035
0.53537685
0.69692701
0.72755247
0.56063527
0.63600999
0.5891754
0.91866505
0.50175899
0.6100744
0.56366402
0.56522924
0.6349287
0.56742126
0.96523923
0.65024507
0.73324066
0.52934217
0.64888096
0.50490767
0.65086079
0.88863713
0.6450811
0.61160451
0.79635823
0.43576932
0.56800061
0.70490199
0.69866788
0.70408988
0.4897145
0.55541384
0.63822436
0.55334055
0.69770408
0.75411576
0.56976628
0.82571459
0.69838053
0.8654393
0.56354123
0.57465446
0.50045967
0.72880179
0.5077644
0.72334218
0.59504765
0.78009856
0.69964153
0.61334068
0.60753274
0.58800966
0.97472495
0.56112391
0.77057588
0.69495755
0.62830102
0.5872243
0.58858508
0.65608233
0.54383779
0.76395601
0.58722782
0.67044365
0.52388275
0.50417268
0.55911314
0.66161609
0.67235798
0.60972822
0.69187444
0.6166532
0.75530207
0.60975879
0.61703652
0.74304551
1.3156983
0.57945251
0.61294055
0.55884236
0.59648961
0.65528893
0.64464188
0.50801265
0.60919869
0.60050595
0.65919816
0.67644548
0.57762837
0.49061921
0.5113672
0.69410574
0.57677323
0.52098703
0.63705266
0.73078495
0.52063102
0.47751221
0.51538551
0.62000793
0.5205074
0.94054478
0.67297423
0.55312586
0.56610399
0.62108505
0.68424475
0.59216368
0.82158816
0.6018464
0.65330881
0.5049417
0.66611171
0.72053027
1.0332606
0.64736801
0.51461899
0.67962021
0.47981462
0.53729665
0.54752767
0.67384696
0.63185769
0.62325054
0.54385775
1.0526001
0.77539051
0.56314886
0.50685734
1.000353
0.64569449
0.64873493
0.57329249
0.6925776
0.6156137
0.7164883
0.55183375
0.56959271
0.82076877
0.59831309
0.58168113
0.62168837
0.7027784
0.64419091
0.53512502
0.66947138
0.57422101
0.70912403
0.5698657
0.59128183
0.58141798
0.53398788
0.62648439
0.70742154
0.56401813
0.72007746
0.59608608
0.67193115
0.9866727
0.65767944
0.60226732
0.63264734
0.56957054
0.50164956
0.5116837
0.5501762
0.64132243
0.58322614
0.62433535
0.64170015
0.58250463
0.5387916
0.6148026
0.89037532
0.64516497
0.59179199
0.8414132
0.77644265
0.82803553
0.58530289
0.61541682
0.74845719
0.52772433
0.54927158
0.61754262
0.51834387
0.5848794
2.1725054
0.60612464
0.69844252
0.84504741
0.5789544
0.53767264
0.61225384
0.70321745
0.66291809
0.65621781
0.65759802
0.63737667
0.67179704
0.48587862
0.84576577
0.70240629
0.7530936
0.50968009
0.62964183
0.7607069
0.61062503
0.74808401
0.53834623
0.60093701
0.75424242
0.57937181
0.5553624
0.64552307
0.65301967
0.73314756
0.48398638
0.60344118
0.50983846
0.4985435
0.51531267
0.67316413
0.70628321
0.62875485
0.59138834
0.57906145
0.7130053
0.55938828
0.80495256
0.47868589
0.65697402
0.54151207
0.52459276
0.88000488
0.66854769
0.7059018
0.55383539
0.78845298
0.58816814
0.7138288
0.59507477
0.55026931
0.71282929
0.53213602
0.54580194
0.62607968
0.58567446
0.70892197
0.57502258
0.47260627
0.86466902
0.54256278
0.65671879
0.73474729
0.57160062
0.5648275
0.77281213
0.59580594
0.65116984
0.54091179
0.59775364
0.4995873
0.71865529
0.86827964
0.58362234
0.67559755
0.62645572
0.60650098
0.5518204
0.8562386
0.54415154
0.56479734
0.65190196
0.58666486
0.50125635
0.57183385
0.57599521
0.68307269
0.68752736
0.70892841
0.71104318
0.71770751
1.4924576
0.77514136
0.64443755
0.9344551
0.55553073
0.56295305
0.97835767
0.84897685
0.47371507
0.54194057
0.56011426
1.3520621
0.60043979
0.74085522
0.58772504
0.59482431
0.6295594
0.68783265
0.67252374
0.66661173
0.73832732
0.8941071
0.70324713
0.63440341
0.46695364
0.60696477
0.62189227
0.80910087
0.5833115
0.65706795
0.76857024
0.50252873
0.6038577
0.6672529
0.56554693
0.54935461
0.52499324
0.64301229
0.6902141
0.59428483
0.60845631
0.65139824
0.66550088
0.778126
0.6190992
0.57107806
0.56513774
0.59299707
0.69178277
0.88172615
0.50327545
0.71270198
0.69198442
0.54199272
0.69228673
0.63895726
0.53931379
0.56726497
0.55212545
0.66509378
0.5902859
0.60449094
0.73219192
0.48983517
0.66304559
0.61101019
0.69607306
0.73855197
0.65809196
0.58412862
0.71485209
0.56665063
0.60782218
0.82373023
0.61550796
0.76603341
0.69933999
0.73842007
0.52077752
0.51708746
0.6517601
0.68841732
0.56113881
0.6026969
0.82226586
0.61292195
0.64426404
0.82096606
0.89528233
0.60277092
0.80322081
1.2300035
0.79178691
0.52062064
0.53562933
0.48164687
0.60707331
0.4960734
0.71135116
0.69896239
0.74638295
0.70586652
0.59733897
0.65278393
0.84240764
0.67349303
0.6681152
0.80010772
0.83601046
0.7693283
0.65748996
0.61228991
0.51448685
0.64881206
0.81950116
0.45774239
0.67502069
0.71757281
0.5484879
0.77099043
0.6949473
0.6112178
0.64710832
0.62047327
0.57326883
0.56416535
0.59279197
0.57242805
0.69643575
0.46932548
0.68642819
0.5771361
0.74304539
0.58403999
0.48607534
0.66075367
0.587771
0.62235022
0.65286708
0.54102504
0.57831538
0.64014238
0.78660631
0.57511973
0.75514597
0.6492824
0.54153562
0.6189211
0.61925089
0.64883
0.67341238
0.60626411
0.6181854
0.63439274
0.60416728
0.59081179
0.5443421
0.65917605
0.80831051
0.70991957
0.63225585
0.63885641
0.83448541
0.64807153
0.5774492
0.47857803
0.56110883
0.95571309
0.59635156
0.67176455
0.55288434
0.57314676
0.59108078
0.57880211
0.70007211
0.96945161
0.72357851
0.58932179
0.46057051
0.6400429
0.83031726
0.58240783
0.6200093
0.63174325
0.92835242
0.64547622
0.68263012
0.6804927
0.53107673
0.81937057
0.68990219
0.6419099
0.58305043
0.51891267
0.6211226
0.58643538
1.4404379
0.56123215
0.71455723
0.82329816
0.57058626
0.57035691
0.59169585
0.62666917
0.64498413
0.63168925
0.50601798
0.49149036
0.48395237
0.93829668
0.93933254
0.81059587
0.70968151
0.6394856
0.58503503
0.7689842
0.69439995
0.56025475
0.48354793
0.67418814
0.59771061
0.80153418
0.61962068
0.930691
0.96492338
0.54741317
0.71750242
0.63702595
1.1767238
0.54593349
0.56476796
0.58667666
0.69637972
0.52579457
0.61400288
0.6833387
0.52363831
0.510741
0.59091759
0.72110003
0.68477404
0.59231305
1.2785741
0.76231521
0.69046807
0.6513747
0.68157262
0.65366656
0.43778366
0.64974076
0.73227006
0.48737699
0.61074531
0.63769555
0.57481086
0.74933451
0.60699409
0.76883209
0.59309769
0.69072205
0.47164521
0.61623323
0.52948129
0.65707862
0.68964714
0.55725646
0.62266701
0.68399137
0.5541755
0.70499671
0.66958547
0.66492856
0.52759618
0.88756633
0.53222162
0.56939948
0.61736143
0.70746309
0.86775595
0.55578458
0.72681874
0.62430745
0.72473335
0.73198068
0.72168422
0.67737716
0.65406489
0.60023719
0.65400952
0.69415057
0.55986023
0.65720868
0.4961468
0.82003754
0.74844718
0.69168264
0.58833128
0.68642247
0.59781551
0.5436849
0.80625355
0.60090804
0.5234527
0.66600019
0.56392366
0.6169852
0.61370093
0.66857153
0.50921804
0.62704903
0.65340036
0.57253075
0.89361465
0.58540791
0.55339968
0.5634957
0.5737558
0.53704387
0.63570464
0.85318613
0.66310424
0.53798002
0.80600637
0.56918514
0.57800359
0.60372943
0.48097327
0.79974896
0.70702606
0.73744369
0.64820105
0.68699837
0.57096153
0.7033838
0.66617036
0.5594877
0.60721773
0.75139821
0.8152793
0.62001061
0.71593857
0.6072551
0.67082357
0.54136074
0.7037034
0.8866449
0.60617673
0.5745663
0.82899863
0.76523477
0.68653107
0.4941746
0.65599763
0.5508337
0.63741708
0.54225242
0.73719084
0.47571245
0.61748028
0.6051482
0.67077672
0.47935605
0.60406178
0.54927862
0.71776354
0.9978928
0.55039901
0.52664721
0.50667697
0.51323622
0.48706475
0.56615639
0.90266842
0.57697666
0.5740034
0.90657181
0.54211789
0.66155291
0.49474952
0.81841743
0.6459282
0.59546167
0.56312352
0.6613794
0.68750012
0.72584045
0.69587576
0.64060557
0.56473631
0.54432285
0.50118917
0.53914332
0.48089969
0.63852161
0.48046505
0.50372827
0.58175951
0.53756803
0.61892277
0.90718627
0.58855814
0.53302509
0.58004546
0.58338046
0.46268782
0.51707923
0.6134842
0.57946122
0.36637437
0.63347048
0.54255724
0.7458061
0.48604074
0.57308406
0.52314341
0.52508229
0.6551041
0.79153323
0.64574403
0.67033917
0.75980014
0.63478786
0.63682574
0.53043038
0.58971578
0.64238191
0.72308236
0.7013253
0.53000212
0.67713362
0.66385537
0.53501278
0.56870842
0.90688181
0.75166589
0.47082144
0.67686146
0.5576691
0.64093226
0.60386258
0.66960847
0.6026848
0.66606933
